<svg width="240" height="54" viewBox="0 0 240 54" fill="none" xmlns="http://www.w3.org/2000/svg">
<rect x="1" y="1" width="238" height="52" rx="26" fill="white"/>
<rect x="1" y="1" width="238" height="52" rx="26" stroke="url(#paint0_linear_2_8641)" stroke-width="2"/>
<path d="M68.424 24.852H73.604V26.252H68.424V24.852ZM64.98 32.594H77.076V33.98H64.98V32.594ZM65.792 21.618H69.712V22.976H65.792V21.618ZM69.18 21.618H69.474L69.754 21.548L70.86 22.108C70.5987 22.7893 70.272 23.4287 69.88 24.026C69.488 24.614 69.0447 25.1553 68.55 25.65C68.0553 26.1447 67.528 26.588 66.968 26.98C66.408 27.3627 65.834 27.6987 65.246 27.988C65.1433 27.8107 64.9893 27.6007 64.784 27.358C64.588 27.106 64.406 26.91 64.238 26.77C64.7607 26.546 65.274 26.266 65.778 25.93C66.2913 25.594 66.7673 25.2113 67.206 24.782C67.654 24.3527 68.046 23.8953 68.382 23.41C68.7273 22.9247 68.9933 22.4253 69.18 21.912V21.618ZM72.386 21.156C72.7033 21.912 73.1233 22.6307 73.646 23.312C74.178 23.9933 74.7893 24.6 75.48 25.132C76.18 25.664 76.9313 26.084 77.734 26.392C77.6127 26.504 77.4773 26.644 77.328 26.812C77.188 26.9707 77.0527 27.1387 76.922 27.316C76.8007 27.484 76.698 27.6427 76.614 27.792C75.7553 27.4 74.9667 26.896 74.248 26.28C73.5387 25.664 72.9087 24.9593 72.358 24.166C71.8073 23.3727 71.336 22.5187 70.944 21.604L72.386 21.156ZM65.12 24.138L66.03 23.214C66.2353 23.3353 66.45 23.4707 66.674 23.62C66.898 23.7693 67.108 23.9233 67.304 24.082C67.5093 24.2407 67.6727 24.39 67.794 24.53L66.842 25.552C66.6647 25.3467 66.408 25.1087 66.072 24.838C65.7453 24.5673 65.428 24.334 65.12 24.138ZM74.528 21.24L75.802 22.136C75.41 22.4627 74.9993 22.7847 74.57 23.102C74.15 23.4193 73.7627 23.69 73.408 23.914L72.414 23.13C72.638 22.9713 72.8807 22.7847 73.142 22.57C73.4033 22.346 73.6553 22.1173 73.898 21.884C74.15 21.6507 74.36 21.436 74.528 21.24ZM76.11 22.864L77.342 23.732C76.95 24.0773 76.5253 24.4227 76.068 24.768C75.62 25.1133 75.2093 25.398 74.836 25.622L73.828 24.838C74.08 24.67 74.3413 24.474 74.612 24.25C74.892 24.026 75.1627 23.7927 75.424 23.55C75.6947 23.3073 75.9233 23.0787 76.11 22.864ZM68.564 28.38V29.626H73.352V28.38H68.564ZM66.926 27.05H75.088V30.956H66.926V27.05ZM67.738 31.138L69.278 30.746C69.4553 30.998 69.614 31.2827 69.754 31.6C69.9033 31.9173 70.0107 32.1973 70.076 32.44L68.452 32.902C68.4053 32.6593 68.312 32.37 68.172 32.034C68.0413 31.698 67.8967 31.3993 67.738 31.138ZM72.722 30.718L74.36 31.068C74.1827 31.4133 74.0147 31.74 73.856 32.048C73.6973 32.356 73.5433 32.622 73.394 32.846L71.924 32.51C72.0267 32.342 72.1247 32.1553 72.218 31.95C72.3207 31.7353 72.414 31.5207 72.498 31.306C72.5913 31.0913 72.666 30.8953 72.722 30.718ZM90.278 27.4L91.58 28.212C91.3 28.5293 91.0107 28.8467 90.712 29.164C90.4133 29.472 90.138 29.7427 89.886 29.976L88.836 29.262C88.9947 29.1033 89.1627 28.9167 89.34 28.702C89.5173 28.4873 89.69 28.268 89.858 28.044C90.026 27.8107 90.166 27.596 90.278 27.4ZM84.048 28.31L85.14 27.61C85.42 27.862 85.7 28.156 85.98 28.492C86.26 28.8187 86.4653 29.1127 86.596 29.374L85.42 30.158C85.308 29.8967 85.1167 29.5933 84.846 29.248C84.5847 28.8933 84.3187 28.5807 84.048 28.31ZM84.65 21.576H90.432V26.504H88.878V22.948H84.65V21.576ZM84.958 23.704H89.746V24.978H84.958V23.704ZM83.978 25.706H91.468V27.12H83.978V25.706ZM86.862 26.434H88.416V32.664C88.416 33.0187 88.3787 33.2987 88.304 33.504C88.2387 33.7187 88.0987 33.882 87.884 33.994C87.6693 34.1153 87.4173 34.19 87.128 34.218C86.8387 34.246 86.5027 34.26 86.12 34.26C86.1013 34.0453 86.05 33.8027 85.966 33.532C85.8913 33.2613 85.812 33.0187 85.728 32.804C85.924 32.8133 86.1107 32.818 86.288 32.818C86.4747 32.818 86.6007 32.818 86.666 32.818C86.75 32.818 86.8013 32.804 86.82 32.776C86.848 32.748 86.862 32.7013 86.862 32.636V26.434ZM83.572 31.95C83.9267 31.754 84.3513 31.502 84.846 31.194C85.3407 30.8767 85.8447 30.55 86.358 30.214L86.876 31.488C86.456 31.796 86.0267 32.1087 85.588 32.426C85.1587 32.7433 84.7433 33.0373 84.342 33.308L83.572 31.95ZM88.374 27.428C88.486 27.8387 88.6353 28.268 88.822 28.716C89.018 29.164 89.2513 29.6073 89.522 30.046C89.802 30.4847 90.1287 30.886 90.502 31.25C90.8847 31.6047 91.3187 31.9033 91.804 32.146C91.692 32.2487 91.566 32.384 91.426 32.552C91.2953 32.7107 91.1647 32.874 91.034 33.042C90.9033 33.2193 90.8007 33.3827 90.726 33.532C90.2687 33.2333 89.858 32.874 89.494 32.454C89.1393 32.034 88.8267 31.5813 88.556 31.096C88.2853 30.6013 88.0567 30.116 87.87 29.64C87.6927 29.164 87.548 28.7207 87.436 28.31L88.374 27.428ZM79.4 24.6H83.544V26H79.4V24.6ZM78.728 27.022H83.852V28.436H78.728V27.022ZM78.868 29.234L79.946 28.954C80.058 29.346 80.1607 29.7707 80.254 30.228C80.3473 30.676 80.408 31.0633 80.436 31.39L79.302 31.698C79.2927 31.3527 79.246 30.956 79.162 30.508C79.078 30.0507 78.98 29.626 78.868 29.234ZM78.574 32.426C79.022 32.3607 79.5307 32.2813 80.1 32.188C80.6693 32.0853 81.2667 31.978 81.892 31.866C82.5267 31.754 83.1613 31.642 83.796 31.53L83.908 32.93C83.04 33.1073 82.1627 33.2847 81.276 33.462C80.3987 33.6487 79.6053 33.812 78.896 33.952L78.574 32.426ZM82.746 28.856L83.95 29.136C83.838 29.5373 83.7213 29.9433 83.6 30.354C83.488 30.7647 83.3807 31.1147 83.278 31.404L82.256 31.138C82.3213 30.9233 82.382 30.6807 82.438 30.41C82.5033 30.1393 82.564 29.8687 82.62 29.598C82.676 29.318 82.718 29.0707 82.746 28.856ZM80.646 25.16H82.102V32.692L80.646 32.958V25.16ZM80.576 21.1H81.458V21.422H81.934V21.856C81.6633 22.3787 81.304 22.9807 80.856 23.662C80.408 24.334 79.8387 24.9827 79.148 25.608C79.0827 25.496 78.9893 25.37 78.868 25.23C78.7467 25.09 78.6207 24.9547 78.49 24.824C78.3687 24.6933 78.252 24.5907 78.14 24.516C78.5413 24.18 78.896 23.8207 79.204 23.438C79.512 23.046 79.7827 22.6493 80.016 22.248C80.2493 21.8467 80.436 21.464 80.576 21.1ZM80.8 21.1H81.962C82.2327 21.3333 82.5173 21.5947 82.816 21.884C83.1147 22.1733 83.3947 22.4627 83.656 22.752C83.9267 23.032 84.146 23.2933 84.314 23.536L83.236 24.824C83.096 24.5813 82.9047 24.306 82.662 23.998C82.4193 23.6807 82.158 23.3727 81.878 23.074C81.6073 22.766 81.3413 22.5047 81.08 22.29H80.8V21.1ZM102.71 22.01C102.701 22.0847 102.691 22.1967 102.682 22.346C102.673 22.486 102.663 22.6353 102.654 22.794C102.645 22.9527 102.635 23.0973 102.626 23.228C102.626 23.536 102.621 23.8347 102.612 24.124C102.612 24.4133 102.607 24.6887 102.598 24.95C102.598 25.202 102.593 25.4493 102.584 25.692C102.575 26.1027 102.561 26.532 102.542 26.98C102.523 27.428 102.5 27.8433 102.472 28.226C102.444 28.6087 102.407 28.9213 102.36 29.164C102.285 29.528 102.155 29.7753 101.968 29.906C101.781 30.0273 101.506 30.088 101.142 30.088C100.983 30.088 100.764 30.0787 100.484 30.06C100.213 30.032 99.9427 29.9993 99.672 29.962C99.4107 29.9247 99.196 29.8967 99.028 29.878L99.07 28.324C99.2847 28.3707 99.518 28.4127 99.77 28.45C100.031 28.4873 100.227 28.506 100.358 28.506C100.498 28.506 100.601 28.4873 100.666 28.45C100.741 28.4033 100.783 28.3147 100.792 28.184C100.82 28.0067 100.839 27.7827 100.848 27.512C100.867 27.2413 100.881 26.9473 100.89 26.63C100.909 26.3033 100.923 25.986 100.932 25.678C100.932 25.426 100.932 25.174 100.932 24.922C100.932 24.6607 100.932 24.3947 100.932 24.124C100.932 23.844 100.932 23.5687 100.932 23.298C100.932 23.1767 100.923 23.0367 100.904 22.878C100.895 22.71 100.885 22.5467 100.876 22.388C100.867 22.2293 100.853 22.1033 100.834 22.01H102.71ZM97.208 22.43C97.1707 22.6633 97.1473 22.892 97.138 23.116C97.1287 23.3307 97.124 23.5873 97.124 23.886C97.124 24.138 97.1193 24.474 97.11 24.894C97.11 25.314 97.1053 25.7713 97.096 26.266C97.096 26.7513 97.0913 27.2413 97.082 27.736C97.082 28.2213 97.082 28.6647 97.082 29.066C97.082 29.4673 97.0867 29.7847 97.096 30.018C97.1053 30.3633 97.1287 30.648 97.166 30.872C97.2127 31.0867 97.306 31.2547 97.446 31.376C97.586 31.4973 97.8053 31.5813 98.104 31.628C98.412 31.6747 98.8273 31.698 99.35 31.698C99.8073 31.698 100.293 31.684 100.806 31.656C101.319 31.6187 101.814 31.572 102.29 31.516C102.766 31.46 103.181 31.404 103.536 31.348L103.466 33.252C103.158 33.2893 102.775 33.322 102.318 33.35C101.861 33.3873 101.385 33.4153 100.89 33.434C100.395 33.462 99.924 33.476 99.476 33.476C98.5707 33.476 97.8473 33.4247 97.306 33.322C96.7647 33.2193 96.354 33.0467 96.074 32.804C95.794 32.5613 95.6073 32.2347 95.514 31.824C95.4207 31.4133 95.3647 30.9047 95.346 30.298C95.346 30.0927 95.3413 29.8173 95.332 29.472C95.332 29.1267 95.332 28.744 95.332 28.324C95.332 27.8947 95.332 27.456 95.332 27.008C95.332 26.56 95.332 26.1353 95.332 25.734C95.3413 25.3233 95.346 24.964 95.346 24.656C95.346 24.348 95.346 24.124 95.346 23.984C95.346 23.6947 95.3367 23.424 95.318 23.172C95.2993 22.92 95.2713 22.6727 95.234 22.43H97.208ZM92.518 25.594C92.7233 25.594 92.98 25.5847 93.288 25.566C93.596 25.5473 93.9273 25.524 94.282 25.496C94.562 25.468 94.9773 25.4307 95.528 25.384C96.0787 25.328 96.704 25.2673 97.404 25.202C98.104 25.1367 98.832 25.0713 99.588 25.006C100.353 24.9313 101.086 24.866 101.786 24.81C102.486 24.754 103.107 24.7073 103.648 24.67C103.844 24.6513 104.063 24.6373 104.306 24.628C104.558 24.6093 104.787 24.5907 104.992 24.572V26.294C104.917 26.2847 104.796 26.28 104.628 26.28C104.46 26.28 104.283 26.2847 104.096 26.294C103.919 26.294 103.769 26.2987 103.648 26.308C103.284 26.3173 102.841 26.3407 102.318 26.378C101.795 26.406 101.235 26.448 100.638 26.504C100.041 26.5507 99.4293 26.6067 98.804 26.672C98.188 26.728 97.5953 26.7887 97.026 26.854C96.4567 26.9193 95.9433 26.9753 95.486 27.022C95.0287 27.0687 94.6647 27.106 94.394 27.134C94.2447 27.1527 94.0627 27.1807 93.848 27.218C93.6333 27.246 93.4187 27.2787 93.204 27.316C92.9987 27.344 92.8353 27.3673 92.714 27.386L92.518 25.594ZM114.736 21.912C114.727 21.9867 114.713 22.108 114.694 22.276C114.675 22.4347 114.661 22.598 114.652 22.766C114.652 22.9247 114.647 23.0413 114.638 23.116C114.629 23.3027 114.619 23.5547 114.61 23.872C114.61 24.1893 114.61 24.5393 114.61 24.922C114.61 25.3047 114.61 25.692 114.61 26.084C114.619 26.4667 114.624 26.8307 114.624 27.176C114.633 27.512 114.638 27.792 114.638 28.016L112.902 27.414C112.902 27.2367 112.902 27.0033 112.902 26.714C112.902 26.4247 112.902 26.1073 112.902 25.762C112.902 25.4073 112.897 25.0573 112.888 24.712C112.888 24.3667 112.883 24.054 112.874 23.774C112.865 23.494 112.855 23.2793 112.846 23.13C112.827 22.85 112.804 22.598 112.776 22.374C112.748 22.15 112.729 21.996 112.72 21.912H114.736ZM106.826 23.662C107.246 23.6527 107.713 23.648 108.226 23.648C108.749 23.6387 109.295 23.6293 109.864 23.62C110.433 23.6013 110.993 23.5873 111.544 23.578C112.104 23.5687 112.622 23.564 113.098 23.564C113.583 23.5547 114.003 23.55 114.358 23.55C114.713 23.55 115.1 23.55 115.52 23.55C115.94 23.5407 116.355 23.536 116.766 23.536C117.177 23.536 117.55 23.536 117.886 23.536C118.222 23.536 118.488 23.536 118.684 23.536L118.67 25.202C118.231 25.1833 117.648 25.1647 116.92 25.146C116.201 25.1273 115.329 25.118 114.302 25.118C113.667 25.118 113.023 25.1273 112.37 25.146C111.717 25.1553 111.068 25.174 110.424 25.202C109.78 25.2207 109.159 25.244 108.562 25.272C107.965 25.2907 107.4 25.3187 106.868 25.356L106.826 23.662ZM114.4 27.792C114.4 28.5573 114.307 29.192 114.12 29.696C113.943 30.2 113.672 30.5827 113.308 30.844C112.944 31.096 112.491 31.222 111.95 31.222C111.679 31.222 111.399 31.1707 111.11 31.068C110.83 30.956 110.569 30.7927 110.326 30.578C110.093 30.354 109.901 30.0833 109.752 29.766C109.603 29.4487 109.528 29.08 109.528 28.66C109.528 28.128 109.654 27.666 109.906 27.274C110.167 26.882 110.513 26.5787 110.942 26.364C111.371 26.14 111.838 26.028 112.342 26.028C112.958 26.028 113.471 26.168 113.882 26.448C114.302 26.728 114.619 27.1013 114.834 27.568C115.049 28.0347 115.156 28.5573 115.156 29.136C115.156 29.5933 115.081 30.0693 114.932 30.564C114.783 31.0587 114.531 31.544 114.176 32.02C113.831 32.496 113.369 32.9253 112.79 33.308C112.221 33.6907 111.507 34.0033 110.648 34.246L109.164 32.748C109.761 32.6267 110.317 32.468 110.83 32.272C111.343 32.076 111.791 31.8287 112.174 31.53C112.566 31.2313 112.869 30.8627 113.084 30.424C113.308 29.9853 113.42 29.4627 113.42 28.856C113.42 28.3987 113.313 28.0627 113.098 27.848C112.883 27.624 112.613 27.512 112.286 27.512C112.109 27.512 111.936 27.554 111.768 27.638C111.609 27.7127 111.479 27.834 111.376 28.002C111.273 28.17 111.222 28.3753 111.222 28.618C111.222 28.9447 111.329 29.206 111.544 29.402C111.768 29.5887 112.02 29.682 112.3 29.682C112.524 29.682 112.725 29.612 112.902 29.472C113.079 29.3227 113.191 29.0847 113.238 28.758C113.294 28.4313 113.247 27.9927 113.098 27.442L114.4 27.792ZM116.542 21.492C116.719 21.744 116.897 22.024 117.074 22.332C117.251 22.6307 117.401 22.9013 117.522 23.144L116.346 23.634C116.206 23.354 116.057 23.074 115.898 22.794C115.739 22.5047 115.571 22.2293 115.394 21.968L116.542 21.492ZM118.418 21.1C118.595 21.352 118.773 21.6273 118.95 21.926C119.127 22.2153 119.281 22.486 119.412 22.738L118.236 23.228C118.096 22.948 117.942 22.668 117.774 22.388C117.615 22.0987 117.443 21.828 117.256 21.576L118.418 21.1ZM126.272 23.214C126.701 23.27 127.182 23.312 127.714 23.34C128.255 23.3587 128.801 23.368 129.352 23.368C129.912 23.3587 130.449 23.34 130.962 23.312C131.475 23.2747 131.919 23.2373 132.292 23.2V25.006C131.863 25.0433 131.391 25.076 130.878 25.104C130.365 25.1227 129.837 25.132 129.296 25.132C128.755 25.132 128.223 25.1227 127.7 25.104C127.187 25.076 126.711 25.0433 126.272 25.006V23.214ZM127.392 29.192C127.336 29.4253 127.294 29.6353 127.266 29.822C127.238 29.9993 127.224 30.1813 127.224 30.368C127.224 30.5173 127.261 30.6573 127.336 30.788C127.411 30.9093 127.523 31.0167 127.672 31.11C127.831 31.194 128.031 31.2593 128.274 31.306C128.526 31.3433 128.829 31.362 129.184 31.362C129.809 31.362 130.397 31.334 130.948 31.278C131.499 31.2127 132.082 31.1193 132.698 30.998L132.726 32.888C132.278 32.972 131.76 33.0373 131.172 33.084C130.593 33.1307 129.907 33.154 129.114 33.154C127.91 33.154 127.014 32.9533 126.426 32.552C125.838 32.1413 125.544 31.5767 125.544 30.858C125.544 30.5873 125.563 30.3073 125.6 30.018C125.647 29.7193 125.707 29.3927 125.782 29.038L127.392 29.192ZM124.116 22.276C124.079 22.3693 124.037 22.5 123.99 22.668C123.943 22.836 123.897 22.9993 123.85 23.158C123.813 23.3167 123.785 23.438 123.766 23.522C123.738 23.718 123.691 23.9747 123.626 24.292C123.57 24.6 123.509 24.95 123.444 25.342C123.388 25.7247 123.332 26.1167 123.276 26.518C123.22 26.9193 123.173 27.3067 123.136 27.68C123.108 28.0533 123.094 28.38 123.094 28.66C123.094 28.7907 123.094 28.94 123.094 29.108C123.103 29.276 123.122 29.43 123.15 29.57C123.215 29.4113 123.285 29.2527 123.36 29.094C123.435 28.9353 123.509 28.7767 123.584 28.618C123.659 28.45 123.724 28.2913 123.78 28.142L124.648 28.828C124.517 29.2107 124.382 29.6213 124.242 30.06C124.111 30.4987 123.99 30.914 123.878 31.306C123.775 31.6887 123.696 32.006 123.64 32.258C123.621 32.3607 123.603 32.4773 123.584 32.608C123.575 32.7387 123.57 32.8413 123.57 32.916C123.57 32.9907 123.57 33.0793 123.57 33.182C123.579 33.294 123.589 33.3967 123.598 33.49L121.974 33.602C121.834 33.1167 121.708 32.4727 121.596 31.67C121.484 30.858 121.428 29.976 121.428 29.024C121.428 28.5013 121.451 27.9693 121.498 27.428C121.545 26.8867 121.601 26.3687 121.666 25.874C121.731 25.37 121.792 24.9127 121.848 24.502C121.913 24.0913 121.969 23.7507 122.016 23.48C122.035 23.284 122.058 23.0647 122.086 22.822C122.123 22.57 122.147 22.332 122.156 22.108L124.116 22.276ZM141.686 32.188H146.152V33.714H141.686V32.188ZM140.846 28.38H147.048V34.204H145.382V29.906H142.428V34.26H140.846V28.38ZM139.936 25.734C140.496 25.706 141.135 25.6733 141.854 25.636C142.582 25.5987 143.343 25.5567 144.136 25.51C144.939 25.4633 145.732 25.412 146.516 25.356L146.502 26.868C145.755 26.924 144.999 26.9847 144.234 27.05C143.478 27.106 142.745 27.1573 142.036 27.204C141.336 27.2507 140.692 27.2973 140.104 27.344L139.936 25.734ZM144.346 23.97L145.69 23.298C145.979 23.6807 146.264 24.1007 146.544 24.558C146.833 25.0153 147.09 25.4633 147.314 25.902C147.547 26.3407 147.72 26.742 147.832 27.106L146.376 27.876C146.283 27.5213 146.129 27.12 145.914 26.672C145.699 26.2147 145.457 25.7527 145.186 25.286C144.925 24.81 144.645 24.3713 144.346 23.97ZM142.372 21.086L144.248 21.436C144.052 22.0333 143.842 22.6447 143.618 23.27C143.394 23.8953 143.165 24.4973 142.932 25.076C142.708 25.6453 142.489 26.1493 142.274 26.588L140.874 26.238C141.014 25.8833 141.154 25.496 141.294 25.076C141.443 24.6467 141.583 24.2033 141.714 23.746C141.854 23.2793 141.98 22.822 142.092 22.374C142.204 21.9167 142.297 21.4873 142.372 21.086ZM134.546 23.9H139.068V25.454H134.546V23.9ZM136.436 21.086L138.004 21.268C137.855 22.0053 137.691 22.7847 137.514 23.606C137.346 24.4273 137.164 25.2487 136.968 26.07C136.781 26.8913 136.595 27.6847 136.408 28.45C136.221 29.206 136.039 29.8967 135.862 30.522L134.504 29.794C134.663 29.2433 134.826 28.6133 134.994 27.904C135.171 27.1947 135.344 26.448 135.512 25.664C135.689 24.8707 135.857 24.0867 136.016 23.312C136.175 22.528 136.315 21.786 136.436 21.086ZM135.33 29.57L136.254 28.394C136.739 28.702 137.248 29.0473 137.78 29.43C138.312 29.8127 138.811 30.2 139.278 30.592C139.745 30.984 140.109 31.3573 140.37 31.712L139.362 33.07C139.101 32.7153 138.746 32.328 138.298 31.908C137.859 31.488 137.379 31.0727 136.856 30.662C136.333 30.2513 135.825 29.8873 135.33 29.57ZM138.466 23.9H138.746L139.026 23.858L140.034 24.026C139.931 25.846 139.703 27.4187 139.348 28.744C139.003 30.0693 138.522 31.1847 137.906 32.09C137.29 32.9953 136.515 33.7373 135.582 34.316C135.461 34.1107 135.302 33.8727 135.106 33.602C134.919 33.3407 134.737 33.1307 134.56 32.972C135.353 32.552 136.025 31.936 136.576 31.124C137.127 30.312 137.556 29.3273 137.864 28.17C138.172 27.0033 138.373 25.6827 138.466 24.208V23.9ZM157.786 22.024C157.758 22.1453 157.721 22.2947 157.674 22.472C157.637 22.6493 157.599 22.8267 157.562 23.004C157.525 23.1813 157.492 23.326 157.464 23.438C157.315 24.0633 157.147 24.7027 156.96 25.356C156.773 26 156.563 26.6393 156.33 27.274C156.097 27.9087 155.835 28.5013 155.546 29.052C155.266 29.6027 154.953 30.0927 154.608 30.522C154.188 31.0633 153.791 31.5067 153.418 31.852C153.054 32.1973 152.69 32.454 152.326 32.622C151.962 32.7807 151.565 32.86 151.136 32.86C150.753 32.86 150.389 32.7573 150.044 32.552C149.708 32.3373 149.433 32.0247 149.218 31.614C149.013 31.194 148.91 30.6807 148.91 30.074C148.91 29.4487 149.022 28.828 149.246 28.212C149.479 27.5867 149.797 27.008 150.198 26.476C150.609 25.944 151.089 25.5007 151.64 25.146C152.387 24.6607 153.119 24.32 153.838 24.124C154.557 23.928 155.289 23.83 156.036 23.83C157.007 23.83 157.865 24.0353 158.612 24.446C159.359 24.8473 159.942 25.412 160.362 26.14C160.782 26.868 160.992 27.722 160.992 28.702C160.992 29.682 160.773 30.5313 160.334 31.25C159.905 31.9593 159.312 32.5287 158.556 32.958C157.8 33.378 156.937 33.6627 155.966 33.812L154.888 32.188C155.663 32.1227 156.321 31.9827 156.862 31.768C157.413 31.5533 157.856 31.2827 158.192 30.956C158.537 30.6293 158.789 30.2653 158.948 29.864C159.107 29.4627 159.186 29.0427 159.186 28.604C159.186 27.9693 159.046 27.414 158.766 26.938C158.495 26.4527 158.113 26.0747 157.618 25.804C157.123 25.524 156.54 25.384 155.868 25.384C155.131 25.384 154.473 25.5053 153.894 25.748C153.315 25.9813 152.783 26.2753 152.298 26.63C151.934 26.8913 151.621 27.2087 151.36 27.582C151.099 27.946 150.898 28.3333 150.758 28.744C150.618 29.1547 150.548 29.5513 150.548 29.934C150.548 30.27 150.618 30.5407 150.758 30.746C150.907 30.9513 151.103 31.054 151.346 31.054C151.523 31.054 151.705 31.0027 151.892 30.9C152.079 30.788 152.265 30.6433 152.452 30.466C152.639 30.2793 152.825 30.0647 153.012 29.822C153.199 29.5793 153.385 29.3227 153.572 29.052C153.833 28.6507 154.081 28.2027 154.314 27.708C154.547 27.2133 154.757 26.6953 154.944 26.154C155.14 25.6127 155.303 25.09 155.434 24.586C155.565 24.0727 155.667 23.6013 155.742 23.172C155.789 22.9667 155.817 22.7333 155.826 22.472C155.845 22.2107 155.854 22.0007 155.854 21.842L157.786 22.024ZM151.878 22.486C151.925 22.7193 151.971 22.948 152.018 23.172C152.074 23.396 152.13 23.6153 152.186 23.83C152.289 24.2127 152.41 24.628 152.55 25.076C152.69 25.5147 152.839 25.9533 152.998 26.392C153.166 26.8307 153.334 27.2367 153.502 27.61C153.67 27.974 153.838 28.2867 154.006 28.548C154.249 28.9213 154.524 29.3133 154.832 29.724C155.14 30.1253 155.457 30.4847 155.784 30.802L154.37 31.922C154.09 31.614 153.838 31.32 153.614 31.04C153.399 30.7507 153.175 30.4287 152.942 30.074C152.737 29.7567 152.527 29.388 152.312 28.968C152.107 28.548 151.901 28.0907 151.696 27.596C151.5 27.1013 151.309 26.5927 151.122 26.07C150.945 25.5473 150.772 25.0293 150.604 24.516C150.529 24.264 150.445 24.0213 150.352 23.788C150.268 23.5547 150.165 23.312 150.044 23.06L151.878 22.486ZM165.08 22.332C165.276 22.36 165.486 22.3787 165.71 22.388C165.934 22.3973 166.149 22.402 166.354 22.402C166.503 22.402 166.727 22.402 167.026 22.402C167.325 22.3927 167.661 22.3833 168.034 22.374C168.417 22.3647 168.795 22.3553 169.168 22.346C169.541 22.3367 169.877 22.3273 170.176 22.318C170.484 22.2993 170.722 22.2853 170.89 22.276C171.179 22.248 171.408 22.2247 171.576 22.206C171.744 22.178 171.87 22.15 171.954 22.122L172.864 23.368C172.705 23.4707 172.542 23.5733 172.374 23.676C172.206 23.7787 172.043 23.8907 171.884 24.012C171.697 24.1427 171.473 24.3153 171.212 24.53C170.951 24.7353 170.671 24.9547 170.372 25.188C170.083 25.4213 169.798 25.65 169.518 25.874C169.247 26.098 169 26.2987 168.776 26.476C169.009 26.42 169.233 26.3827 169.448 26.364C169.663 26.336 169.882 26.322 170.106 26.322C170.899 26.322 171.609 26.476 172.234 26.784C172.869 27.092 173.368 27.512 173.732 28.044C174.105 28.5667 174.292 29.1687 174.292 29.85C174.292 30.5873 174.105 31.2547 173.732 31.852C173.359 32.4493 172.794 32.9253 172.038 33.28C171.291 33.6347 170.353 33.812 169.224 33.812C168.58 33.812 167.997 33.7187 167.474 33.532C166.961 33.3453 166.555 33.0793 166.256 32.734C165.957 32.3887 165.808 31.9827 165.808 31.516C165.808 31.1333 165.911 30.7787 166.116 30.452C166.331 30.116 166.625 29.8453 166.998 29.64C167.381 29.4347 167.819 29.332 168.314 29.332C168.958 29.332 169.499 29.4627 169.938 29.724C170.386 29.976 170.727 30.3167 170.96 30.746C171.203 31.1753 171.329 31.6467 171.338 32.16L169.7 32.384C169.691 31.8707 169.56 31.46 169.308 31.152C169.065 30.8347 168.739 30.676 168.328 30.676C168.067 30.676 167.857 30.746 167.698 30.886C167.539 31.0167 167.46 31.1707 167.46 31.348C167.46 31.6093 167.591 31.8193 167.852 31.978C168.113 32.1367 168.454 32.216 168.874 32.216C169.667 32.216 170.33 32.1227 170.862 31.936C171.394 31.74 171.791 31.4647 172.052 31.11C172.323 30.746 172.458 30.3167 172.458 29.822C172.458 29.402 172.327 29.0333 172.066 28.716C171.814 28.3987 171.469 28.1513 171.03 27.974C170.591 27.7967 170.097 27.708 169.546 27.708C169.005 27.708 168.51 27.778 168.062 27.918C167.614 28.0487 167.189 28.24 166.788 28.492C166.396 28.7347 166.009 29.0333 165.626 29.388C165.253 29.7333 164.879 30.1207 164.506 30.55L163.232 29.234C163.484 29.0287 163.769 28.8 164.086 28.548C164.403 28.2867 164.725 28.016 165.052 27.736C165.388 27.456 165.701 27.1947 165.99 26.952C166.289 26.7 166.541 26.49 166.746 26.322C166.942 26.1633 167.171 25.9767 167.432 25.762C167.693 25.5473 167.964 25.328 168.244 25.104C168.524 24.8707 168.79 24.6513 169.042 24.446C169.294 24.2313 169.504 24.0493 169.672 23.9C169.532 23.9 169.35 23.9047 169.126 23.914C168.902 23.9233 168.655 23.9327 168.384 23.942C168.123 23.9513 167.857 23.9607 167.586 23.97C167.325 23.9793 167.077 23.9933 166.844 24.012C166.62 24.0213 166.433 24.0307 166.284 24.04C166.097 24.0493 165.901 24.0633 165.696 24.082C165.491 24.1007 165.304 24.124 165.136 24.152L165.08 22.332Z" fill="#148176"/>
<defs>
<linearGradient id="paint0_linear_2_8641" x1="-2.38033e-08" y1="27.216" x2="239.946" y2="30.8214" gradientUnits="userSpaceOnUse">
<stop stop-color="#2B988D"/>
<stop offset="1" stop-color="#A4E0D9"/>
</linearGradient>
</defs>
</svg>
