<svg width="240" height="48" viewBox="0 0 240 48" fill="none" xmlns="http://www.w3.org/2000/svg">
<rect width="240" height="48" rx="24" fill="url(#paint0_linear_2_10500)"/>
<path d="M96.424 21.852H101.604V23.252H96.424V21.852ZM92.98 29.594H105.076V30.98H92.98V29.594ZM93.792 18.618H97.712V19.976H93.792V18.618ZM97.18 18.618H97.474L97.754 18.548L98.86 19.108C98.5987 19.7893 98.272 20.4287 97.88 21.026C97.488 21.614 97.0447 22.1553 96.55 22.65C96.0553 23.1447 95.528 23.588 94.968 23.98C94.408 24.3627 93.834 24.6987 93.246 24.988C93.1433 24.8107 92.9893 24.6007 92.784 24.358C92.588 24.106 92.406 23.91 92.238 23.77C92.7607 23.546 93.274 23.266 93.778 22.93C94.2913 22.594 94.7673 22.2113 95.206 21.782C95.654 21.3527 96.046 20.8953 96.382 20.41C96.7273 19.9247 96.9933 19.4253 97.18 18.912V18.618ZM100.386 18.156C100.703 18.912 101.123 19.6307 101.646 20.312C102.178 20.9933 102.789 21.6 103.48 22.132C104.18 22.664 104.931 23.084 105.734 23.392C105.613 23.504 105.477 23.644 105.328 23.812C105.188 23.9707 105.053 24.1387 104.922 24.316C104.801 24.484 104.698 24.6427 104.614 24.792C103.755 24.4 102.967 23.896 102.248 23.28C101.539 22.664 100.909 21.9593 100.358 21.166C99.8073 20.3727 99.336 19.5187 98.944 18.604L100.386 18.156ZM93.12 21.138L94.03 20.214C94.2353 20.3353 94.45 20.4707 94.674 20.62C94.898 20.7693 95.108 20.9233 95.304 21.082C95.5093 21.2407 95.6727 21.39 95.794 21.53L94.842 22.552C94.6647 22.3467 94.408 22.1087 94.072 21.838C93.7453 21.5673 93.428 21.334 93.12 21.138ZM102.528 18.24L103.802 19.136C103.41 19.4627 102.999 19.7847 102.57 20.102C102.15 20.4193 101.763 20.69 101.408 20.914L100.414 20.13C100.638 19.9713 100.881 19.7847 101.142 19.57C101.403 19.346 101.655 19.1173 101.898 18.884C102.15 18.6507 102.36 18.436 102.528 18.24ZM104.11 19.864L105.342 20.732C104.95 21.0773 104.525 21.4227 104.068 21.768C103.62 22.1133 103.209 22.398 102.836 22.622L101.828 21.838C102.08 21.67 102.341 21.474 102.612 21.25C102.892 21.026 103.163 20.7927 103.424 20.55C103.695 20.3073 103.923 20.0787 104.11 19.864ZM96.564 25.38V26.626H101.352V25.38H96.564ZM94.926 24.05H103.088V27.956H94.926V24.05ZM95.738 28.138L97.278 27.746C97.4553 27.998 97.614 28.2827 97.754 28.6C97.9033 28.9173 98.0107 29.1973 98.076 29.44L96.452 29.902C96.4053 29.6593 96.312 29.37 96.172 29.034C96.0413 28.698 95.8967 28.3993 95.738 28.138ZM100.722 27.718L102.36 28.068C102.183 28.4133 102.015 28.74 101.856 29.048C101.697 29.356 101.543 29.622 101.394 29.846L99.924 29.51C100.027 29.342 100.125 29.1553 100.218 28.95C100.321 28.7353 100.414 28.5207 100.498 28.306C100.591 28.0913 100.666 27.8953 100.722 27.718ZM118.278 24.4L119.58 25.212C119.3 25.5293 119.011 25.8467 118.712 26.164C118.413 26.472 118.138 26.7427 117.886 26.976L116.836 26.262C116.995 26.1033 117.163 25.9167 117.34 25.702C117.517 25.4873 117.69 25.268 117.858 25.044C118.026 24.8107 118.166 24.596 118.278 24.4ZM112.048 25.31L113.14 24.61C113.42 24.862 113.7 25.156 113.98 25.492C114.26 25.8187 114.465 26.1127 114.596 26.374L113.42 27.158C113.308 26.8967 113.117 26.5933 112.846 26.248C112.585 25.8933 112.319 25.5807 112.048 25.31ZM112.65 18.576H118.432V23.504H116.878V19.948H112.65V18.576ZM112.958 20.704H117.746V21.978H112.958V20.704ZM111.978 22.706H119.468V24.12H111.978V22.706ZM114.862 23.434H116.416V29.664C116.416 30.0187 116.379 30.2987 116.304 30.504C116.239 30.7187 116.099 30.882 115.884 30.994C115.669 31.1153 115.417 31.19 115.128 31.218C114.839 31.246 114.503 31.26 114.12 31.26C114.101 31.0453 114.05 30.8027 113.966 30.532C113.891 30.2613 113.812 30.0187 113.728 29.804C113.924 29.8133 114.111 29.818 114.288 29.818C114.475 29.818 114.601 29.818 114.666 29.818C114.75 29.818 114.801 29.804 114.82 29.776C114.848 29.748 114.862 29.7013 114.862 29.636V23.434ZM111.572 28.95C111.927 28.754 112.351 28.502 112.846 28.194C113.341 27.8767 113.845 27.55 114.358 27.214L114.876 28.488C114.456 28.796 114.027 29.1087 113.588 29.426C113.159 29.7433 112.743 30.0373 112.342 30.308L111.572 28.95ZM116.374 24.428C116.486 24.8387 116.635 25.268 116.822 25.716C117.018 26.164 117.251 26.6073 117.522 27.046C117.802 27.4847 118.129 27.886 118.502 28.25C118.885 28.6047 119.319 28.9033 119.804 29.146C119.692 29.2487 119.566 29.384 119.426 29.552C119.295 29.7107 119.165 29.874 119.034 30.042C118.903 30.2193 118.801 30.3827 118.726 30.532C118.269 30.2333 117.858 29.874 117.494 29.454C117.139 29.034 116.827 28.5813 116.556 28.096C116.285 27.6013 116.057 27.116 115.87 26.64C115.693 26.164 115.548 25.7207 115.436 25.31L116.374 24.428ZM107.4 21.6H111.544V23H107.4V21.6ZM106.728 24.022H111.852V25.436H106.728V24.022ZM106.868 26.234L107.946 25.954C108.058 26.346 108.161 26.7707 108.254 27.228C108.347 27.676 108.408 28.0633 108.436 28.39L107.302 28.698C107.293 28.3527 107.246 27.956 107.162 27.508C107.078 27.0507 106.98 26.626 106.868 26.234ZM106.574 29.426C107.022 29.3607 107.531 29.2813 108.1 29.188C108.669 29.0853 109.267 28.978 109.892 28.866C110.527 28.754 111.161 28.642 111.796 28.53L111.908 29.93C111.04 30.1073 110.163 30.2847 109.276 30.462C108.399 30.6487 107.605 30.812 106.896 30.952L106.574 29.426ZM110.746 25.856L111.95 26.136C111.838 26.5373 111.721 26.9433 111.6 27.354C111.488 27.7647 111.381 28.1147 111.278 28.404L110.256 28.138C110.321 27.9233 110.382 27.6807 110.438 27.41C110.503 27.1393 110.564 26.8687 110.62 26.598C110.676 26.318 110.718 26.0707 110.746 25.856ZM108.646 22.16H110.102V29.692L108.646 29.958V22.16ZM108.576 18.1H109.458V18.422H109.934V18.856C109.663 19.3787 109.304 19.9807 108.856 20.662C108.408 21.334 107.839 21.9827 107.148 22.608C107.083 22.496 106.989 22.37 106.868 22.23C106.747 22.09 106.621 21.9547 106.49 21.824C106.369 21.6933 106.252 21.5907 106.14 21.516C106.541 21.18 106.896 20.8207 107.204 20.438C107.512 20.046 107.783 19.6493 108.016 19.248C108.249 18.8467 108.436 18.464 108.576 18.1ZM108.8 18.1H109.962C110.233 18.3333 110.517 18.5947 110.816 18.884C111.115 19.1733 111.395 19.4627 111.656 19.752C111.927 20.032 112.146 20.2933 112.314 20.536L111.236 21.824C111.096 21.5813 110.905 21.306 110.662 20.998C110.419 20.6807 110.158 20.3727 109.878 20.074C109.607 19.766 109.341 19.5047 109.08 19.29H108.8V18.1ZM129.142 18.716C129.133 18.7907 129.119 18.912 129.1 19.08C129.091 19.2387 129.081 19.402 129.072 19.57C129.063 19.7287 129.053 19.8453 129.044 19.92C129.035 20.1067 129.03 20.3587 129.03 20.676C129.03 20.984 129.03 21.3293 129.03 21.712C129.03 22.0947 129.03 22.482 129.03 22.874C129.039 23.2567 129.044 23.6207 129.044 23.966C129.053 24.302 129.058 24.582 129.058 24.806L127.308 24.218C127.308 24.0407 127.308 23.8073 127.308 23.518C127.308 23.2193 127.308 22.8973 127.308 22.552C127.308 22.1973 127.303 21.8473 127.294 21.502C127.294 21.1567 127.289 20.844 127.28 20.564C127.271 20.284 127.261 20.074 127.252 19.934C127.233 19.6447 127.21 19.3927 127.182 19.178C127.154 18.954 127.131 18.8 127.112 18.716H129.142ZM121.232 20.452C121.643 20.452 122.109 20.4473 122.632 20.438C123.155 20.4287 123.701 20.4193 124.27 20.41C124.839 20.4007 125.399 20.3913 125.95 20.382C126.501 20.3727 127.019 20.368 127.504 20.368C127.989 20.3587 128.409 20.354 128.764 20.354C129.119 20.354 129.506 20.354 129.926 20.354C130.346 20.3447 130.761 20.34 131.172 20.34C131.583 20.34 131.956 20.34 132.292 20.34C132.637 20.34 132.903 20.34 133.09 20.34L133.076 21.992C132.637 21.9733 132.059 21.9593 131.34 21.95C130.621 21.9313 129.744 21.922 128.708 21.922C128.073 21.922 127.429 21.9313 126.776 21.95C126.123 21.9593 125.474 21.9733 124.83 21.992C124.186 22.0107 123.565 22.034 122.968 22.062C122.371 22.0807 121.806 22.1087 121.274 22.146L121.232 20.452ZM128.806 24.596C128.806 25.3613 128.713 25.996 128.526 26.5C128.349 27.004 128.078 27.3867 127.714 27.648C127.35 27.9 126.897 28.026 126.356 28.026C126.095 28.026 125.819 27.97 125.53 27.858C125.25 27.746 124.989 27.5827 124.746 27.368C124.503 27.1533 124.307 26.8873 124.158 26.57C124.018 26.2527 123.948 25.8793 123.948 25.45C123.948 24.918 124.074 24.4607 124.326 24.078C124.578 23.686 124.914 23.3827 125.334 23.168C125.763 22.944 126.235 22.832 126.748 22.832C127.364 22.832 127.877 22.972 128.288 23.252C128.708 23.5227 129.021 23.8913 129.226 24.358C129.441 24.8247 129.548 25.352 129.548 25.94C129.548 26.3973 129.473 26.8733 129.324 27.368C129.175 27.8627 128.927 28.348 128.582 28.824C128.246 29.2907 127.789 29.7153 127.21 30.098C126.641 30.4807 125.927 30.7933 125.068 31.036L123.57 29.552C124.167 29.4307 124.723 29.272 125.236 29.076C125.749 28.88 126.197 28.6327 126.58 28.334C126.972 28.0353 127.275 27.6667 127.49 27.228C127.714 26.7893 127.826 26.262 127.826 25.646C127.826 25.198 127.714 24.862 127.49 24.638C127.275 24.414 127.014 24.302 126.706 24.302C126.529 24.302 126.356 24.344 126.188 24.428C126.02 24.512 125.885 24.638 125.782 24.806C125.679 24.974 125.628 25.1793 125.628 25.422C125.628 25.7393 125.735 25.996 125.95 26.192C126.174 26.3787 126.426 26.472 126.706 26.472C126.93 26.472 127.126 26.402 127.294 26.262C127.471 26.122 127.588 25.8887 127.644 25.562C127.7 25.2353 127.653 24.7967 127.504 24.246L128.806 24.596ZM137.08 19.332C137.276 19.36 137.486 19.3787 137.71 19.388C137.934 19.3973 138.149 19.402 138.354 19.402C138.503 19.402 138.727 19.402 139.026 19.402C139.325 19.3927 139.661 19.3833 140.034 19.374C140.417 19.3647 140.795 19.3553 141.168 19.346C141.541 19.3367 141.877 19.3273 142.176 19.318C142.484 19.2993 142.722 19.2853 142.89 19.276C143.179 19.248 143.408 19.2247 143.576 19.206C143.744 19.178 143.87 19.15 143.954 19.122L144.864 20.368C144.705 20.4707 144.542 20.5733 144.374 20.676C144.206 20.7787 144.043 20.8907 143.884 21.012C143.697 21.1427 143.473 21.3153 143.212 21.53C142.951 21.7353 142.671 21.9547 142.372 22.188C142.083 22.4213 141.798 22.65 141.518 22.874C141.247 23.098 141 23.2987 140.776 23.476C141.009 23.42 141.233 23.3827 141.448 23.364C141.663 23.336 141.882 23.322 142.106 23.322C142.899 23.322 143.609 23.476 144.234 23.784C144.869 24.092 145.368 24.512 145.732 25.044C146.105 25.5667 146.292 26.1687 146.292 26.85C146.292 27.5873 146.105 28.2547 145.732 28.852C145.359 29.4493 144.794 29.9253 144.038 30.28C143.291 30.6347 142.353 30.812 141.224 30.812C140.58 30.812 139.997 30.7187 139.474 30.532C138.961 30.3453 138.555 30.0793 138.256 29.734C137.957 29.3887 137.808 28.9827 137.808 28.516C137.808 28.1333 137.911 27.7787 138.116 27.452C138.331 27.116 138.625 26.8453 138.998 26.64C139.381 26.4347 139.819 26.332 140.314 26.332C140.958 26.332 141.499 26.4627 141.938 26.724C142.386 26.976 142.727 27.3167 142.96 27.746C143.203 28.1753 143.329 28.6467 143.338 29.16L141.7 29.384C141.691 28.8707 141.56 28.46 141.308 28.152C141.065 27.8347 140.739 27.676 140.328 27.676C140.067 27.676 139.857 27.746 139.698 27.886C139.539 28.0167 139.46 28.1707 139.46 28.348C139.46 28.6093 139.591 28.8193 139.852 28.978C140.113 29.1367 140.454 29.216 140.874 29.216C141.667 29.216 142.33 29.1227 142.862 28.936C143.394 28.74 143.791 28.4647 144.052 28.11C144.323 27.746 144.458 27.3167 144.458 26.822C144.458 26.402 144.327 26.0333 144.066 25.716C143.814 25.3987 143.469 25.1513 143.03 24.974C142.591 24.7967 142.097 24.708 141.546 24.708C141.005 24.708 140.51 24.778 140.062 24.918C139.614 25.0487 139.189 25.24 138.788 25.492C138.396 25.7347 138.009 26.0333 137.626 26.388C137.253 26.7333 136.879 27.1207 136.506 27.55L135.232 26.234C135.484 26.0287 135.769 25.8 136.086 25.548C136.403 25.2867 136.725 25.016 137.052 24.736C137.388 24.456 137.701 24.1947 137.99 23.952C138.289 23.7 138.541 23.49 138.746 23.322C138.942 23.1633 139.171 22.9767 139.432 22.762C139.693 22.5473 139.964 22.328 140.244 22.104C140.524 21.8707 140.79 21.6513 141.042 21.446C141.294 21.2313 141.504 21.0493 141.672 20.9C141.532 20.9 141.35 20.9047 141.126 20.914C140.902 20.9233 140.655 20.9327 140.384 20.942C140.123 20.9513 139.857 20.9607 139.586 20.97C139.325 20.9793 139.077 20.9933 138.844 21.012C138.62 21.0213 138.433 21.0307 138.284 21.04C138.097 21.0493 137.901 21.0633 137.696 21.082C137.491 21.1007 137.304 21.124 137.136 21.152L137.08 19.332Z" fill="white"/>
<defs>
<linearGradient id="paint0_linear_2_10500" x1="0" y1="24" x2="240" y2="24" gradientUnits="userSpaceOnUse">
<stop stop-color="#148176"/>
<stop offset="1" stop-color="#77C6BE"/>
</linearGradient>
</defs>
</svg>
