<svg width="358" height="48" viewBox="0 0 358 48" fill="none" xmlns="http://www.w3.org/2000/svg">
<rect width="358" height="48" rx="24" fill="#06C755"/>
<g clip-path="url(#clip0_2_8666)">
<path d="M40.0428 22.2841C40.0428 16.9049 34.6501 12.5286 28.0214 12.5286C21.3927 12.5286 16 16.9049 16 22.2841C16 27.1066 20.2772 31.1449 26.0541 31.9088C26.4451 31.9934 26.978 32.1669 27.1132 32.5015C27.2349 32.8057 27.1921 33.2812 27.1527 33.5888C27.1527 33.5888 27.0118 34.4373 26.9814 34.6176C26.9285 34.9218 26.7403 35.8063 28.0225 35.2655C29.3059 34.7246 34.9454 31.1888 37.467 28.2863C39.209 26.3753 40.0439 24.4373 40.0439 22.2841H40.0428Z" fill="white"/>
<path d="M36.043 25.3905H32.6661C32.5388 25.3905 32.4363 25.288 32.4363 25.1606V25.1572V19.9201V19.9144C32.4363 19.7871 32.5388 19.6846 32.6661 19.6846H36.043C36.1692 19.6846 36.2729 19.7882 36.2729 19.9144V20.7674C36.2729 20.8947 36.1704 20.9972 36.043 20.9972H33.7478V21.8829H36.043C36.1692 21.8829 36.2729 21.9865 36.2729 22.1127V22.9657C36.2729 23.093 36.1704 23.1956 36.043 23.1956H33.7478V24.0812H36.043C36.1692 24.0812 36.2729 24.1849 36.2729 24.311V25.164C36.2729 25.2913 36.1704 25.3939 36.043 25.3939V25.3905Z" fill="#06C755"/>
<path d="M23.5505 25.3904C23.6767 25.3904 23.7804 25.2879 23.7804 25.1605V24.3076C23.7804 24.1814 23.6767 24.0777 23.5505 24.0777H21.2553V19.9132C21.2553 19.787 21.1516 19.6833 21.0254 19.6833H20.1725C20.0452 19.6833 19.9426 19.7859 19.9426 19.9132V25.156V25.1605C19.9426 25.2879 20.0452 25.3904 20.1725 25.3904H23.5494H23.5505Z" fill="#06C755"/>
<path d="M25.5834 19.6846H24.7316C24.6046 19.6846 24.5017 19.7875 24.5017 19.9144V25.1606C24.5017 25.2876 24.6046 25.3905 24.7316 25.3905H25.5834C25.7103 25.3905 25.8133 25.2876 25.8133 25.1606V19.9144C25.8133 19.7875 25.7103 19.6846 25.5834 19.6846Z" fill="#06C755"/>
<path d="M31.3873 19.6846H30.5344C30.4071 19.6846 30.3045 19.7871 30.3045 19.9144V23.0299L27.9045 19.7882C27.8989 19.7803 27.8921 19.7725 27.8865 19.7646C27.8865 19.7646 27.8865 19.7646 27.8854 19.7634C27.8809 19.7589 27.8764 19.7533 27.8719 19.7488C27.8707 19.7477 27.8685 19.7465 27.8673 19.7454C27.8628 19.742 27.8595 19.7387 27.855 19.7353C27.8527 19.7341 27.8504 19.7319 27.8482 19.7308C27.8448 19.7274 27.8403 19.7251 27.8358 19.7229C27.8335 19.7218 27.8313 19.7195 27.829 19.7184C27.8245 19.7161 27.8212 19.7139 27.8166 19.7116C27.8144 19.7105 27.8121 19.7094 27.8099 19.7082C27.8054 19.706 27.8009 19.7037 27.7964 19.7026C27.7941 19.7026 27.7919 19.7003 27.7885 19.7003C27.784 19.6992 27.7795 19.697 27.775 19.6958C27.7727 19.6958 27.7693 19.6947 27.7671 19.6936C27.7626 19.6936 27.7581 19.6913 27.7535 19.6902C27.7502 19.6902 27.7468 19.6902 27.7434 19.6891C27.7389 19.6891 27.7355 19.688 27.731 19.688C27.7265 19.688 27.7231 19.688 27.7186 19.688C27.7164 19.688 27.713 19.688 27.7107 19.688H26.8634C26.7372 19.688 26.6335 19.7905 26.6335 19.9178V25.164C26.6335 25.2902 26.7361 25.3939 26.8634 25.3939H27.7164C27.8437 25.3939 27.9462 25.2913 27.9462 25.164V22.0485L30.3496 25.2947C30.3665 25.3184 30.3868 25.3375 30.4093 25.3522C30.4093 25.3522 30.4116 25.3533 30.4116 25.3544C30.4161 25.3578 30.4206 25.3601 30.4262 25.3634C30.4285 25.3646 30.4307 25.3657 30.433 25.3668C30.4364 25.3691 30.4409 25.3702 30.4442 25.3725C30.4476 25.3747 30.4521 25.3758 30.4555 25.377C30.4578 25.377 30.46 25.3792 30.4623 25.3792C30.4679 25.3815 30.4724 25.3826 30.4781 25.3837C30.4781 25.3837 30.4803 25.3837 30.4814 25.3837C30.5006 25.3882 30.5209 25.3916 30.5412 25.3916H31.3885C31.5147 25.3916 31.6183 25.2891 31.6183 25.1618V19.9156C31.6183 19.7894 31.5158 19.6857 31.3885 19.6857L31.3873 19.6846Z" fill="#06C755"/>
</g>
<path d="M127.781 30V19.626H129.853V28.264H134.067V30H127.781ZM135.875 30V19.626H137.947V30H135.875ZM140.496 30V19.626H142.61L145.62 25.156L146.67 27.396H146.74C146.684 26.8547 146.623 26.262 146.558 25.618C146.492 24.974 146.46 24.358 146.46 23.77V19.626H148.42V30H146.306L143.324 24.456L142.274 22.23H142.204C142.25 22.79 142.306 23.3827 142.372 24.008C142.437 24.6333 142.47 25.2447 142.47 25.842V30H140.496ZM150.982 30V19.626H157.338V21.362H153.054V23.756H156.68V25.492H153.054V28.264H157.492V30H150.982ZM162.459 20.396C162.739 20.3867 163.005 20.3773 163.257 20.368C163.509 20.3493 163.7 20.3353 163.831 20.326C164.12 20.3073 164.475 20.2793 164.895 20.242C165.324 20.1953 165.8 20.1487 166.323 20.102C166.855 20.0553 167.42 20.0087 168.017 19.962C168.614 19.9153 169.235 19.864 169.879 19.808C170.364 19.7613 170.845 19.724 171.321 19.696C171.806 19.6587 172.264 19.6307 172.693 19.612C173.132 19.584 173.514 19.5653 173.841 19.556L173.855 21.348C173.603 21.348 173.314 21.3527 172.987 21.362C172.66 21.3713 172.334 21.39 172.007 21.418C171.69 21.4367 171.405 21.4787 171.153 21.544C170.733 21.656 170.341 21.8473 169.977 22.118C169.613 22.3793 169.296 22.692 169.025 23.056C168.764 23.4107 168.558 23.798 168.409 24.218C168.26 24.6287 168.185 25.044 168.185 25.464C168.185 25.9213 168.264 26.3273 168.423 26.682C168.591 27.0273 168.815 27.326 169.095 27.578C169.384 27.8207 169.72 28.026 170.103 28.194C170.486 28.3527 170.896 28.474 171.335 28.558C171.783 28.642 172.245 28.698 172.721 28.726L172.063 30.644C171.475 30.6067 170.901 30.5133 170.341 30.364C169.79 30.2147 169.272 30.0093 168.787 29.748C168.302 29.4867 167.877 29.1693 167.513 28.796C167.158 28.4133 166.874 27.9793 166.659 27.494C166.454 26.9993 166.351 26.4487 166.351 25.842C166.351 25.17 166.458 24.554 166.673 23.994C166.888 23.4247 167.154 22.93 167.471 22.51C167.798 22.0807 168.12 21.7493 168.437 21.516C168.176 21.5533 167.858 21.5907 167.485 21.628C167.121 21.6653 166.724 21.712 166.295 21.768C165.875 21.8147 165.446 21.866 165.007 21.922C164.568 21.978 164.144 22.0433 163.733 22.118C163.332 22.1833 162.968 22.2487 162.641 22.314L162.459 20.396ZM171.853 22.72C171.974 22.888 172.1 23.0887 172.231 23.322C172.371 23.546 172.506 23.7747 172.637 24.008C172.768 24.232 172.88 24.4373 172.973 24.624L171.909 25.1C171.732 24.708 171.559 24.3627 171.391 24.064C171.232 23.7653 171.041 23.462 170.817 23.154L171.853 22.72ZM173.421 22.076C173.542 22.244 173.673 22.44 173.813 22.664C173.962 22.8787 174.107 23.1027 174.247 23.336C174.387 23.56 174.504 23.7607 174.597 23.938L173.547 24.442C173.36 24.0687 173.178 23.7373 173.001 23.448C172.833 23.1587 172.632 22.86 172.399 22.552L173.421 22.076ZM179.917 21.852H185.097V23.252H179.917V21.852ZM176.473 29.594H188.569V30.98H176.473V29.594ZM177.285 18.618H181.205V19.976H177.285V18.618ZM180.673 18.618H180.967L181.247 18.548L182.353 19.108C182.092 19.7893 181.765 20.4287 181.373 21.026C180.981 21.614 180.538 22.1553 180.043 22.65C179.548 23.1447 179.021 23.588 178.461 23.98C177.901 24.3627 177.327 24.6987 176.739 24.988C176.636 24.8107 176.482 24.6007 176.277 24.358C176.081 24.106 175.899 23.91 175.731 23.77C176.254 23.546 176.767 23.266 177.271 22.93C177.784 22.594 178.26 22.2113 178.699 21.782C179.147 21.3527 179.539 20.8953 179.875 20.41C180.22 19.9247 180.486 19.4253 180.673 18.912V18.618ZM183.879 18.156C184.196 18.912 184.616 19.6307 185.139 20.312C185.671 20.9933 186.282 21.6 186.973 22.132C187.673 22.664 188.424 23.084 189.227 23.392C189.106 23.504 188.97 23.644 188.821 23.812C188.681 23.9707 188.546 24.1387 188.415 24.316C188.294 24.484 188.191 24.6427 188.107 24.792C187.248 24.4 186.46 23.896 185.741 23.28C185.032 22.664 184.402 21.9593 183.851 21.166C183.3 20.3727 182.829 19.5187 182.437 18.604L183.879 18.156ZM176.613 21.138L177.523 20.214C177.728 20.3353 177.943 20.4707 178.167 20.62C178.391 20.7693 178.601 20.9233 178.797 21.082C179.002 21.2407 179.166 21.39 179.287 21.53L178.335 22.552C178.158 22.3467 177.901 22.1087 177.565 21.838C177.238 21.5673 176.921 21.334 176.613 21.138ZM186.021 18.24L187.295 19.136C186.903 19.4627 186.492 19.7847 186.063 20.102C185.643 20.4193 185.256 20.69 184.901 20.914L183.907 20.13C184.131 19.9713 184.374 19.7847 184.635 19.57C184.896 19.346 185.148 19.1173 185.391 18.884C185.643 18.6507 185.853 18.436 186.021 18.24ZM187.603 19.864L188.835 20.732C188.443 21.0773 188.018 21.4227 187.561 21.768C187.113 22.1133 186.702 22.398 186.329 22.622L185.321 21.838C185.573 21.67 185.834 21.474 186.105 21.25C186.385 21.026 186.656 20.7927 186.917 20.55C187.188 20.3073 187.416 20.0787 187.603 19.864ZM180.057 25.38V26.626H184.845V25.38H180.057ZM178.419 24.05H186.581V27.956H178.419V24.05ZM179.231 28.138L180.771 27.746C180.948 27.998 181.107 28.2827 181.247 28.6C181.396 28.9173 181.504 29.1973 181.569 29.44L179.945 29.902C179.898 29.6593 179.805 29.37 179.665 29.034C179.534 28.698 179.39 28.3993 179.231 28.138ZM184.215 27.718L185.853 28.068C185.676 28.4133 185.508 28.74 185.349 29.048C185.19 29.356 185.036 29.622 184.887 29.846L183.417 29.51C183.52 29.342 183.618 29.1553 183.711 28.95C183.814 28.7353 183.907 28.5207 183.991 28.306C184.084 28.0913 184.159 27.8953 184.215 27.718ZM201.771 24.4L203.073 25.212C202.793 25.5293 202.504 25.8467 202.205 26.164C201.906 26.472 201.631 26.7427 201.379 26.976L200.329 26.262C200.488 26.1033 200.656 25.9167 200.833 25.702C201.01 25.4873 201.183 25.268 201.351 25.044C201.519 24.8107 201.659 24.596 201.771 24.4ZM195.541 25.31L196.633 24.61C196.913 24.862 197.193 25.156 197.473 25.492C197.753 25.8187 197.958 26.1127 198.089 26.374L196.913 27.158C196.801 26.8967 196.61 26.5933 196.339 26.248C196.078 25.8933 195.812 25.5807 195.541 25.31ZM196.143 18.576H201.925V23.504H200.371V19.948H196.143V18.576ZM196.451 20.704H201.239V21.978H196.451V20.704ZM195.471 22.706H202.961V24.12H195.471V22.706ZM198.355 23.434H199.909V29.664C199.909 30.0187 199.872 30.2987 199.797 30.504C199.732 30.7187 199.592 30.882 199.377 30.994C199.162 31.1153 198.91 31.19 198.621 31.218C198.332 31.246 197.996 31.26 197.613 31.26C197.594 31.0453 197.543 30.8027 197.459 30.532C197.384 30.2613 197.305 30.0187 197.221 29.804C197.417 29.8133 197.604 29.818 197.781 29.818C197.968 29.818 198.094 29.818 198.159 29.818C198.243 29.818 198.294 29.804 198.313 29.776C198.341 29.748 198.355 29.7013 198.355 29.636V23.434ZM195.065 28.95C195.42 28.754 195.844 28.502 196.339 28.194C196.834 27.8767 197.338 27.55 197.851 27.214L198.369 28.488C197.949 28.796 197.52 29.1087 197.081 29.426C196.652 29.7433 196.236 30.0373 195.835 30.308L195.065 28.95ZM199.867 24.428C199.979 24.8387 200.128 25.268 200.315 25.716C200.511 26.164 200.744 26.6073 201.015 27.046C201.295 27.4847 201.622 27.886 201.995 28.25C202.378 28.6047 202.812 28.9033 203.297 29.146C203.185 29.2487 203.059 29.384 202.919 29.552C202.788 29.7107 202.658 29.874 202.527 30.042C202.396 30.2193 202.294 30.3827 202.219 30.532C201.762 30.2333 201.351 29.874 200.987 29.454C200.632 29.034 200.32 28.5813 200.049 28.096C199.778 27.6013 199.55 27.116 199.363 26.64C199.186 26.164 199.041 25.7207 198.929 25.31L199.867 24.428ZM190.893 21.6H195.037V23H190.893V21.6ZM190.221 24.022H195.345V25.436H190.221V24.022ZM190.361 26.234L191.439 25.954C191.551 26.346 191.654 26.7707 191.747 27.228C191.84 27.676 191.901 28.0633 191.929 28.39L190.795 28.698C190.786 28.3527 190.739 27.956 190.655 27.508C190.571 27.0507 190.473 26.626 190.361 26.234ZM190.067 29.426C190.515 29.3607 191.024 29.2813 191.593 29.188C192.162 29.0853 192.76 28.978 193.385 28.866C194.02 28.754 194.654 28.642 195.289 28.53L195.401 29.93C194.533 30.1073 193.656 30.2847 192.769 30.462C191.892 30.6487 191.098 30.812 190.389 30.952L190.067 29.426ZM194.239 25.856L195.443 26.136C195.331 26.5373 195.214 26.9433 195.093 27.354C194.981 27.7647 194.874 28.1147 194.771 28.404L193.749 28.138C193.814 27.9233 193.875 27.6807 193.931 27.41C193.996 27.1393 194.057 26.8687 194.113 26.598C194.169 26.318 194.211 26.0707 194.239 25.856ZM192.139 22.16H193.595V29.692L192.139 29.958V22.16ZM192.069 18.1H192.951V18.422H193.427V18.856C193.156 19.3787 192.797 19.9807 192.349 20.662C191.901 21.334 191.332 21.9827 190.641 22.608C190.576 22.496 190.482 22.37 190.361 22.23C190.24 22.09 190.114 21.9547 189.983 21.824C189.862 21.6933 189.745 21.5907 189.633 21.516C190.034 21.18 190.389 20.8207 190.697 20.438C191.005 20.046 191.276 19.6493 191.509 19.248C191.742 18.8467 191.929 18.464 192.069 18.1ZM192.293 18.1H193.455C193.726 18.3333 194.01 18.5947 194.309 18.884C194.608 19.1733 194.888 19.4627 195.149 19.752C195.42 20.032 195.639 20.2933 195.807 20.536L194.729 21.824C194.589 21.5813 194.398 21.306 194.155 20.998C193.912 20.6807 193.651 20.3727 193.371 20.074C193.1 19.766 192.834 19.5047 192.573 19.29H192.293V18.1ZM212.635 18.716C212.626 18.7907 212.612 18.912 212.593 19.08C212.584 19.2387 212.574 19.402 212.565 19.57C212.556 19.7287 212.546 19.8453 212.537 19.92C212.528 20.1067 212.523 20.3587 212.523 20.676C212.523 20.984 212.523 21.3293 212.523 21.712C212.523 22.0947 212.523 22.482 212.523 22.874C212.532 23.2567 212.537 23.6207 212.537 23.966C212.546 24.302 212.551 24.582 212.551 24.806L210.801 24.218C210.801 24.0407 210.801 23.8073 210.801 23.518C210.801 23.2193 210.801 22.8973 210.801 22.552C210.801 22.1973 210.796 21.8473 210.787 21.502C210.787 21.1567 210.782 20.844 210.773 20.564C210.764 20.284 210.754 20.074 210.745 19.934C210.726 19.6447 210.703 19.3927 210.675 19.178C210.647 18.954 210.624 18.8 210.605 18.716H212.635ZM204.725 20.452C205.136 20.452 205.602 20.4473 206.125 20.438C206.648 20.4287 207.194 20.4193 207.763 20.41C208.332 20.4007 208.892 20.3913 209.443 20.382C209.994 20.3727 210.512 20.368 210.997 20.368C211.482 20.3587 211.902 20.354 212.257 20.354C212.612 20.354 212.999 20.354 213.419 20.354C213.839 20.3447 214.254 20.34 214.665 20.34C215.076 20.34 215.449 20.34 215.785 20.34C216.13 20.34 216.396 20.34 216.583 20.34L216.569 21.992C216.13 21.9733 215.552 21.9593 214.833 21.95C214.114 21.9313 213.237 21.922 212.201 21.922C211.566 21.922 210.922 21.9313 210.269 21.95C209.616 21.9593 208.967 21.9733 208.323 21.992C207.679 22.0107 207.058 22.034 206.461 22.062C205.864 22.0807 205.299 22.1087 204.767 22.146L204.725 20.452ZM212.299 24.596C212.299 25.3613 212.206 25.996 212.019 26.5C211.842 27.004 211.571 27.3867 211.207 27.648C210.843 27.9 210.39 28.026 209.849 28.026C209.588 28.026 209.312 27.97 209.023 27.858C208.743 27.746 208.482 27.5827 208.239 27.368C207.996 27.1533 207.8 26.8873 207.651 26.57C207.511 26.2527 207.441 25.8793 207.441 25.45C207.441 24.918 207.567 24.4607 207.819 24.078C208.071 23.686 208.407 23.3827 208.827 23.168C209.256 22.944 209.728 22.832 210.241 22.832C210.857 22.832 211.37 22.972 211.781 23.252C212.201 23.5227 212.514 23.8913 212.719 24.358C212.934 24.8247 213.041 25.352 213.041 25.94C213.041 26.3973 212.966 26.8733 212.817 27.368C212.668 27.8627 212.42 28.348 212.075 28.824C211.739 29.2907 211.282 29.7153 210.703 30.098C210.134 30.4807 209.42 30.7933 208.561 31.036L207.063 29.552C207.66 29.4307 208.216 29.272 208.729 29.076C209.242 28.88 209.69 28.6327 210.073 28.334C210.465 28.0353 210.768 27.6667 210.983 27.228C211.207 26.7893 211.319 26.262 211.319 25.646C211.319 25.198 211.207 24.862 210.983 24.638C210.768 24.414 210.507 24.302 210.199 24.302C210.022 24.302 209.849 24.344 209.681 24.428C209.513 24.512 209.378 24.638 209.275 24.806C209.172 24.974 209.121 25.1793 209.121 25.422C209.121 25.7393 209.228 25.996 209.443 26.192C209.667 26.3787 209.919 26.472 210.199 26.472C210.423 26.472 210.619 26.402 210.787 26.262C210.964 26.122 211.081 25.8887 211.137 25.562C211.193 25.2353 211.146 24.7967 210.997 24.246L212.299 24.596ZM220.573 19.332C220.769 19.36 220.979 19.3787 221.203 19.388C221.427 19.3973 221.642 19.402 221.847 19.402C221.996 19.402 222.22 19.402 222.519 19.402C222.818 19.3927 223.154 19.3833 223.527 19.374C223.91 19.3647 224.288 19.3553 224.661 19.346C225.034 19.3367 225.37 19.3273 225.669 19.318C225.977 19.2993 226.215 19.2853 226.383 19.276C226.672 19.248 226.901 19.2247 227.069 19.206C227.237 19.178 227.363 19.15 227.447 19.122L228.357 20.368C228.198 20.4707 228.035 20.5733 227.867 20.676C227.699 20.7787 227.536 20.8907 227.377 21.012C227.19 21.1427 226.966 21.3153 226.705 21.53C226.444 21.7353 226.164 21.9547 225.865 22.188C225.576 22.4213 225.291 22.65 225.011 22.874C224.74 23.098 224.493 23.2987 224.269 23.476C224.502 23.42 224.726 23.3827 224.941 23.364C225.156 23.336 225.375 23.322 225.599 23.322C226.392 23.322 227.102 23.476 227.727 23.784C228.362 24.092 228.861 24.512 229.225 25.044C229.598 25.5667 229.785 26.1687 229.785 26.85C229.785 27.5873 229.598 28.2547 229.225 28.852C228.852 29.4493 228.287 29.9253 227.531 30.28C226.784 30.6347 225.846 30.812 224.717 30.812C224.073 30.812 223.49 30.7187 222.967 30.532C222.454 30.3453 222.048 30.0793 221.749 29.734C221.45 29.3887 221.301 28.9827 221.301 28.516C221.301 28.1333 221.404 27.7787 221.609 27.452C221.824 27.116 222.118 26.8453 222.491 26.64C222.874 26.4347 223.312 26.332 223.807 26.332C224.451 26.332 224.992 26.4627 225.431 26.724C225.879 26.976 226.22 27.3167 226.453 27.746C226.696 28.1753 226.822 28.6467 226.831 29.16L225.193 29.384C225.184 28.8707 225.053 28.46 224.801 28.152C224.558 27.8347 224.232 27.676 223.821 27.676C223.56 27.676 223.35 27.746 223.191 27.886C223.032 28.0167 222.953 28.1707 222.953 28.348C222.953 28.6093 223.084 28.8193 223.345 28.978C223.606 29.1367 223.947 29.216 224.367 29.216C225.16 29.216 225.823 29.1227 226.355 28.936C226.887 28.74 227.284 28.4647 227.545 28.11C227.816 27.746 227.951 27.3167 227.951 26.822C227.951 26.402 227.82 26.0333 227.559 25.716C227.307 25.3987 226.962 25.1513 226.523 24.974C226.084 24.7967 225.59 24.708 225.039 24.708C224.498 24.708 224.003 24.778 223.555 24.918C223.107 25.0487 222.682 25.24 222.281 25.492C221.889 25.7347 221.502 26.0333 221.119 26.388C220.746 26.7333 220.372 27.1207 219.999 27.55L218.725 26.234C218.977 26.0287 219.262 25.8 219.579 25.548C219.896 25.2867 220.218 25.016 220.545 24.736C220.881 24.456 221.194 24.1947 221.483 23.952C221.782 23.7 222.034 23.49 222.239 23.322C222.435 23.1633 222.664 22.9767 222.925 22.762C223.186 22.5473 223.457 22.328 223.737 22.104C224.017 21.8707 224.283 21.6513 224.535 21.446C224.787 21.2313 224.997 21.0493 225.165 20.9C225.025 20.9 224.843 20.9047 224.619 20.914C224.395 20.9233 224.148 20.9327 223.877 20.942C223.616 20.9513 223.35 20.9607 223.079 20.97C222.818 20.9793 222.57 20.9933 222.337 21.012C222.113 21.0213 221.926 21.0307 221.777 21.04C221.59 21.0493 221.394 21.0633 221.189 21.082C220.984 21.1007 220.797 21.124 220.629 21.152L220.573 19.332Z" fill="white"/>
<defs>
<clipPath id="clip0_2_8666">
<rect width="24" height="24" fill="white" transform="translate(16 12)"/>
</clipPath>
</defs>
</svg>
