<svg width="358" height="48" viewBox="0 0 358 48" fill="none" xmlns="http://www.w3.org/2000/svg">
<rect x="0.5" y="0.5" width="357" height="47" rx="23.5" fill="white"/>
<rect x="0.5" y="0.5" width="357" height="47" rx="23.5" stroke="#747775"/>
<mask id="mask0_2_8676" style="mask-type:luminance" maskUnits="userSpaceOnUse" x="16" y="14" width="20" height="20">
<path d="M36 14H16V34H36V14Z" fill="white"/>
</mask>
<g mask="url(#mask0_2_8676)">
<path d="M35.6 24.2274C35.6 23.5183 35.5364 22.8365 35.4182 22.1819H26V26.0501H31.3818C31.15 27.3001 30.4455 28.3592 29.3864 29.0683V31.5774H32.6182C34.5091 29.8365 35.6 27.2728 35.6 24.2274Z" fill="#4285F4"/>
<path d="M26.0001 33.9999C28.7001 33.9999 30.9637 33.1044 32.6182 31.5772L29.3864 29.0681C28.491 29.6681 27.3455 30.0226 26.0001 30.0226C23.3955 30.0226 21.191 28.2635 20.4046 25.8999H17.0637V28.4908C18.7092 31.759 22.091 33.9999 26.0001 33.9999Z" fill="#34A853"/>
<path d="M20.4045 25.8999C20.2045 25.2999 20.0909 24.659 20.0909 23.9999C20.0909 23.3408 20.2045 22.6999 20.4045 22.0999V19.509H17.0636C16.3864 20.859 16 22.3863 16 23.9999C16 25.6135 16.3864 27.1408 17.0636 28.4908L20.4045 25.8999Z" fill="#FBBC04"/>
<path d="M26.0001 17.9773C27.4682 17.9773 28.7864 18.4818 29.8228 19.4727L32.691 16.6045C30.9592 14.9909 28.6955 14 26.0001 14C22.091 14 18.7092 16.2409 17.0637 19.5091L20.4046 22.1C21.191 19.7364 23.3955 17.9773 26.0001 17.9773Z" fill="#E94235"/>
</g>
<path d="M126.729 23.7979V27.7422C126.574 27.929 126.334 28.1318 126.011 28.3506C125.687 28.5648 125.27 28.7493 124.76 28.9043C124.249 29.0592 123.632 29.1367 122.907 29.1367C122.265 29.1367 121.679 29.0319 121.15 28.8223C120.622 28.6081 120.166 28.2959 119.783 27.8857C119.405 27.4756 119.113 26.9743 118.908 26.3818C118.703 25.7848 118.601 25.1035 118.601 24.3379V23.7158C118.601 22.9502 118.699 22.2689 118.895 21.6719C119.095 21.0749 119.38 20.5713 119.749 20.1611C120.118 19.751 120.558 19.4388 121.068 19.2246C121.579 19.0104 122.146 18.9033 122.771 18.9033C123.636 18.9033 124.347 19.0446 124.903 19.3271C125.459 19.6051 125.883 19.9925 126.175 20.4893C126.471 20.9814 126.653 21.5465 126.722 22.1846H124.732C124.682 21.8473 124.587 21.5534 124.445 21.3027C124.304 21.0521 124.101 20.8561 123.837 20.7148C123.577 20.5736 123.24 20.5029 122.825 20.5029C122.483 20.5029 122.178 20.5736 121.909 20.7148C121.645 20.8516 121.422 21.0544 121.239 21.3232C121.057 21.5921 120.918 21.9248 120.822 22.3213C120.727 22.7178 120.679 23.1781 120.679 23.7021V24.3379C120.679 24.8574 120.729 25.3177 120.829 25.7188C120.929 26.1152 121.077 26.4502 121.273 26.7236C121.474 26.9925 121.72 27.1953 122.012 27.332C122.303 27.4688 122.643 27.5371 123.03 27.5371C123.354 27.5371 123.623 27.5098 123.837 27.4551C124.056 27.4004 124.231 27.3343 124.363 27.2568C124.5 27.1748 124.605 27.0973 124.678 27.0244V25.2607H122.805V23.7979H126.729ZM127.945 25.377V25.2334C127.945 24.6911 128.023 24.1921 128.178 23.7363C128.333 23.276 128.558 22.8773 128.854 22.54C129.151 22.2028 129.515 21.9408 129.948 21.7539C130.381 21.5625 130.878 21.4668 131.438 21.4668C131.999 21.4668 132.498 21.5625 132.936 21.7539C133.373 21.9408 133.74 22.2028 134.036 22.54C134.337 22.8773 134.565 23.276 134.72 23.7363C134.875 24.1921 134.952 24.6911 134.952 25.2334V25.377C134.952 25.9147 134.875 26.4137 134.72 26.874C134.565 27.3298 134.337 27.7285 134.036 28.0703C133.74 28.4076 133.375 28.6696 132.942 28.8564C132.509 29.0433 132.013 29.1367 131.452 29.1367C130.892 29.1367 130.393 29.0433 129.955 28.8564C129.522 28.6696 129.155 28.4076 128.854 28.0703C128.558 27.7285 128.333 27.3298 128.178 26.874C128.023 26.4137 127.945 25.9147 127.945 25.377ZM129.914 25.2334V25.377C129.914 25.6868 129.941 25.9762 129.996 26.2451C130.051 26.514 130.137 26.751 130.256 26.9561C130.379 27.1566 130.538 27.3138 130.734 27.4277C130.93 27.5417 131.17 27.5986 131.452 27.5986C131.726 27.5986 131.96 27.5417 132.156 27.4277C132.352 27.3138 132.509 27.1566 132.628 26.9561C132.746 26.751 132.833 26.514 132.888 26.2451C132.947 25.9762 132.977 25.6868 132.977 25.377V25.2334C132.977 24.9326 132.947 24.6501 132.888 24.3857C132.833 24.1169 132.744 23.8799 132.621 23.6748C132.503 23.4652 132.345 23.3011 132.149 23.1826C131.953 23.0641 131.716 23.0049 131.438 23.0049C131.16 23.0049 130.924 23.0641 130.728 23.1826C130.536 23.3011 130.379 23.4652 130.256 23.6748C130.137 23.8799 130.051 24.1169 129.996 24.3857C129.941 24.6501 129.914 24.9326 129.914 25.2334ZM135.848 25.377V25.2334C135.848 24.6911 135.925 24.1921 136.08 23.7363C136.235 23.276 136.461 22.8773 136.757 22.54C137.053 22.2028 137.418 21.9408 137.851 21.7539C138.284 21.5625 138.78 21.4668 139.341 21.4668C139.901 21.4668 140.4 21.5625 140.838 21.7539C141.275 21.9408 141.642 22.2028 141.938 22.54C142.239 22.8773 142.467 23.276 142.622 23.7363C142.777 24.1921 142.854 24.6911 142.854 25.2334V25.377C142.854 25.9147 142.777 26.4137 142.622 26.874C142.467 27.3298 142.239 27.7285 141.938 28.0703C141.642 28.4076 141.278 28.6696 140.845 28.8564C140.412 29.0433 139.915 29.1367 139.354 29.1367C138.794 29.1367 138.295 29.0433 137.857 28.8564C137.424 28.6696 137.058 28.4076 136.757 28.0703C136.461 27.7285 136.235 27.3298 136.08 26.874C135.925 26.4137 135.848 25.9147 135.848 25.377ZM137.816 25.2334V25.377C137.816 25.6868 137.844 25.9762 137.898 26.2451C137.953 26.514 138.04 26.751 138.158 26.9561C138.281 27.1566 138.441 27.3138 138.637 27.4277C138.833 27.5417 139.072 27.5986 139.354 27.5986C139.628 27.5986 139.863 27.5417 140.059 27.4277C140.255 27.3138 140.412 27.1566 140.53 26.9561C140.649 26.751 140.735 26.514 140.79 26.2451C140.849 25.9762 140.879 25.6868 140.879 25.377V25.2334C140.879 24.9326 140.849 24.6501 140.79 24.3857C140.735 24.1169 140.646 23.8799 140.523 23.6748C140.405 23.4652 140.248 23.3011 140.052 23.1826C139.856 23.0641 139.619 23.0049 139.341 23.0049C139.063 23.0049 138.826 23.0641 138.63 23.1826C138.438 23.3011 138.281 23.4652 138.158 23.6748C138.04 23.8799 137.953 24.1169 137.898 24.3857C137.844 24.6501 137.816 24.9326 137.816 25.2334ZM148.747 21.6035H150.531V28.7539C150.531 29.4284 150.381 30.0003 150.08 30.4697C149.784 30.9437 149.369 31.3014 148.836 31.543C148.303 31.7891 147.683 31.9121 146.977 31.9121C146.667 31.9121 146.339 31.8711 145.992 31.7891C145.65 31.707 145.322 31.5794 145.008 31.4062C144.698 31.2331 144.438 31.0143 144.229 30.75L145.097 29.5879C145.325 29.8522 145.589 30.0573 145.89 30.2031C146.19 30.3535 146.523 30.4287 146.888 30.4287C147.243 30.4287 147.544 30.3626 147.79 30.2305C148.036 30.1029 148.225 29.9137 148.357 29.6631C148.49 29.417 148.556 29.1185 148.556 28.7676V23.3125L148.747 21.6035ZM143.771 25.3906V25.2471C143.771 24.682 143.839 24.1693 143.976 23.709C144.117 23.2441 144.315 22.8454 144.57 22.5127C144.83 22.18 145.145 21.9225 145.514 21.7402C145.883 21.5579 146.3 21.4668 146.765 21.4668C147.257 21.4668 147.669 21.5579 148.002 21.7402C148.335 21.9225 148.608 22.1823 148.822 22.5195C149.036 22.8522 149.203 23.2464 149.321 23.7021C149.444 24.1533 149.54 24.6478 149.608 25.1855V25.5C149.54 26.015 149.438 26.4935 149.301 26.9355C149.164 27.3776 148.984 27.765 148.761 28.0977C148.537 28.4258 148.259 28.681 147.927 28.8633C147.599 29.0456 147.207 29.1367 146.751 29.1367C146.295 29.1367 145.883 29.0433 145.514 28.8564C145.149 28.6696 144.837 28.4076 144.577 28.0703C144.317 27.7331 144.117 27.3366 143.976 26.8809C143.839 26.4251 143.771 25.9284 143.771 25.3906ZM145.739 25.2471V25.3906C145.739 25.696 145.769 25.9808 145.828 26.2451C145.887 26.5094 145.979 26.7441 146.102 26.9492C146.229 27.1497 146.386 27.307 146.573 27.4209C146.765 27.5303 146.99 27.585 147.25 27.585C147.61 27.585 147.904 27.5098 148.132 27.3594C148.36 27.2044 148.531 26.9925 148.645 26.7236C148.758 26.4548 148.825 26.1449 148.843 25.7939V24.8984C148.834 24.6113 148.795 24.3538 148.727 24.126C148.658 23.8936 148.562 23.6953 148.439 23.5312C148.316 23.3672 148.157 23.2396 147.961 23.1484C147.765 23.0573 147.533 23.0117 147.264 23.0117C147.004 23.0117 146.778 23.071 146.587 23.1895C146.4 23.3034 146.243 23.4606 146.115 23.6611C145.992 23.8617 145.899 24.0986 145.835 24.3721C145.771 24.641 145.739 24.9326 145.739 25.2471ZM154.141 18.5V29H152.165V18.5H154.141ZM159.172 29.1367C158.598 29.1367 158.083 29.0456 157.627 28.8633C157.171 28.6764 156.784 28.4189 156.465 28.0908C156.15 27.7627 155.909 27.3822 155.74 26.9492C155.572 26.5117 155.487 26.0469 155.487 25.5547V25.2812C155.487 24.7207 155.567 24.208 155.727 23.7432C155.886 23.2783 156.114 22.875 156.41 22.5332C156.711 22.1914 157.076 21.9294 157.504 21.7471C157.932 21.5602 158.415 21.4668 158.953 21.4668C159.477 21.4668 159.942 21.5534 160.348 21.7266C160.753 21.8997 161.093 22.1458 161.366 22.4648C161.644 22.7839 161.854 23.1667 161.995 23.6133C162.136 24.0553 162.207 24.5475 162.207 25.0898V25.9102H156.328V24.5977H160.272V24.4473C160.272 24.1738 160.222 23.93 160.122 23.7158C160.026 23.4971 159.881 23.3239 159.685 23.1963C159.489 23.0687 159.238 23.0049 158.933 23.0049C158.673 23.0049 158.45 23.0618 158.263 23.1758C158.076 23.2897 157.923 23.4492 157.805 23.6543C157.691 23.8594 157.604 24.1009 157.545 24.3789C157.49 24.6523 157.463 24.9531 157.463 25.2812V25.5547C157.463 25.8509 157.504 26.1243 157.586 26.375C157.673 26.6257 157.793 26.8421 157.948 27.0244C158.108 27.2067 158.299 27.348 158.522 27.4482C158.75 27.5485 159.008 27.5986 159.295 27.5986C159.65 27.5986 159.981 27.5303 160.286 27.3936C160.596 27.2523 160.863 27.0404 161.086 26.7578L162.043 27.7969C161.888 28.0202 161.676 28.2344 161.407 28.4395C161.143 28.6445 160.824 28.8132 160.45 28.9453C160.076 29.0729 159.65 29.1367 159.172 29.1367ZM167.015 19.396C167.295 19.3867 167.561 19.3773 167.813 19.368C168.065 19.3493 168.256 19.3353 168.387 19.326C168.676 19.3073 169.031 19.2793 169.451 19.242C169.88 19.1953 170.356 19.1487 170.879 19.102C171.411 19.0553 171.975 19.0087 172.573 18.962C173.17 18.9153 173.791 18.864 174.435 18.808C174.92 18.7613 175.401 18.724 175.877 18.696C176.362 18.6587 176.819 18.6307 177.249 18.612C177.687 18.584 178.07 18.5653 178.397 18.556L178.411 20.348C178.159 20.348 177.869 20.3527 177.543 20.362C177.216 20.3713 176.889 20.39 176.563 20.418C176.245 20.4367 175.961 20.4787 175.709 20.544C175.289 20.656 174.897 20.8473 174.533 21.118C174.169 21.3793 173.851 21.692 173.581 22.056C173.319 22.4107 173.114 22.798 172.965 23.218C172.815 23.6287 172.741 24.044 172.741 24.464C172.741 24.9213 172.82 25.3273 172.979 25.682C173.147 26.0273 173.371 26.326 173.651 26.578C173.94 26.8207 174.276 27.026 174.659 27.194C175.041 27.3527 175.452 27.474 175.891 27.558C176.339 27.642 176.801 27.698 177.277 27.726L176.619 29.644C176.031 29.6067 175.457 29.5133 174.897 29.364C174.346 29.2147 173.828 29.0093 173.343 28.748C172.857 28.4867 172.433 28.1693 172.069 27.796C171.714 27.4133 171.429 26.9793 171.215 26.494C171.009 25.9993 170.907 25.4487 170.907 24.842C170.907 24.17 171.014 23.554 171.229 22.994C171.443 22.4247 171.709 21.93 172.027 21.51C172.353 21.0807 172.675 20.7493 172.993 20.516C172.731 20.5533 172.414 20.5907 172.041 20.628C171.677 20.6653 171.28 20.712 170.851 20.768C170.431 20.8147 170.001 20.866 169.563 20.922C169.124 20.978 168.699 21.0433 168.289 21.118C167.887 21.1833 167.523 21.2487 167.197 21.314L167.015 19.396ZM176.409 21.72C176.53 21.888 176.656 22.0887 176.787 22.322C176.927 22.546 177.062 22.7747 177.193 23.008C177.323 23.232 177.435 23.4373 177.529 23.624L176.465 24.1C176.287 23.708 176.115 23.3627 175.947 23.064C175.788 22.7653 175.597 22.462 175.373 22.154L176.409 21.72ZM177.977 21.076C178.098 21.244 178.229 21.44 178.369 21.664C178.518 21.8787 178.663 22.1027 178.803 22.336C178.943 22.56 179.059 22.7607 179.153 22.938L178.103 23.442C177.916 23.0687 177.734 22.7373 177.557 22.448C177.389 22.1587 177.188 21.86 176.955 21.552L177.977 21.076ZM184.473 20.852H189.653V22.252H184.473V20.852ZM181.029 28.594H193.125V29.98H181.029V28.594ZM181.841 17.618H185.761V18.976H181.841V17.618ZM185.229 17.618H185.523L185.803 17.548L186.909 18.108C186.647 18.7893 186.321 19.4287 185.929 20.026C185.537 20.614 185.093 21.1553 184.599 21.65C184.104 22.1447 183.577 22.588 183.017 22.98C182.457 23.3627 181.883 23.6987 181.295 23.988C181.192 23.8107 181.038 23.6007 180.833 23.358C180.637 23.106 180.455 22.91 180.287 22.77C180.809 22.546 181.323 22.266 181.827 21.93C182.34 21.594 182.816 21.2113 183.255 20.782C183.703 20.3527 184.095 19.8953 184.431 19.41C184.776 18.9247 185.042 18.4253 185.229 17.912V17.618ZM188.435 17.156C188.752 17.912 189.172 18.6307 189.695 19.312C190.227 19.9933 190.838 20.6 191.529 21.132C192.229 21.664 192.98 22.084 193.783 22.392C193.661 22.504 193.526 22.644 193.377 22.812C193.237 22.9707 193.101 23.1387 192.971 23.316C192.849 23.484 192.747 23.6427 192.663 23.792C191.804 23.4 191.015 22.896 190.297 22.28C189.587 21.664 188.957 20.9593 188.407 20.166C187.856 19.3727 187.385 18.5187 186.993 17.604L188.435 17.156ZM181.169 20.138L182.079 19.214C182.284 19.3353 182.499 19.4707 182.723 19.62C182.947 19.7693 183.157 19.9233 183.353 20.082C183.558 20.2407 183.721 20.39 183.843 20.53L182.891 21.552C182.713 21.3467 182.457 21.1087 182.121 20.838C181.794 20.5673 181.477 20.334 181.169 20.138ZM190.577 17.24L191.851 18.136C191.459 18.4627 191.048 18.7847 190.619 19.102C190.199 19.4193 189.811 19.69 189.457 19.914L188.463 19.13C188.687 18.9713 188.929 18.7847 189.191 18.57C189.452 18.346 189.704 18.1173 189.947 17.884C190.199 17.6507 190.409 17.436 190.577 17.24ZM192.159 18.864L193.391 19.732C192.999 20.0773 192.574 20.4227 192.117 20.768C191.669 21.1133 191.258 21.398 190.885 21.622L189.877 20.838C190.129 20.67 190.39 20.474 190.661 20.25C190.941 20.026 191.211 19.7927 191.473 19.55C191.743 19.3073 191.972 19.0787 192.159 18.864ZM184.613 24.38V25.626H189.401V24.38H184.613ZM182.975 23.05H191.137V26.956H182.975V23.05ZM183.787 27.138L185.327 26.746C185.504 26.998 185.663 27.2827 185.803 27.6C185.952 27.9173 186.059 28.1973 186.125 28.44L184.501 28.902C184.454 28.6593 184.361 28.37 184.221 28.034C184.09 27.698 183.945 27.3993 183.787 27.138ZM188.771 26.718L190.409 27.068C190.231 27.4133 190.063 27.74 189.905 28.048C189.746 28.356 189.592 28.622 189.443 28.846L187.973 28.51C188.075 28.342 188.173 28.1553 188.267 27.95C188.369 27.7353 188.463 27.5207 188.547 27.306C188.64 27.0913 188.715 26.8953 188.771 26.718ZM206.327 23.4L207.629 24.212C207.349 24.5293 207.059 24.8467 206.761 25.164C206.462 25.472 206.187 25.7427 205.935 25.976L204.885 25.262C205.043 25.1033 205.211 24.9167 205.389 24.702C205.566 24.4873 205.739 24.268 205.907 24.044C206.075 23.8107 206.215 23.596 206.327 23.4ZM200.097 24.31L201.189 23.61C201.469 23.862 201.749 24.156 202.029 24.492C202.309 24.8187 202.514 25.1127 202.645 25.374L201.469 26.158C201.357 25.8967 201.165 25.5933 200.895 25.248C200.633 24.8933 200.367 24.5807 200.097 24.31ZM200.699 17.576H206.481V22.504H204.927V18.948H200.699V17.576ZM201.007 19.704H205.795V20.978H201.007V19.704ZM200.027 21.706H207.517V23.12H200.027V21.706ZM202.911 22.434H204.465V28.664C204.465 29.0187 204.427 29.2987 204.353 29.504C204.287 29.7187 204.147 29.882 203.933 29.994C203.718 30.1153 203.466 30.19 203.177 30.218C202.887 30.246 202.551 30.26 202.169 30.26C202.15 30.0453 202.099 29.8027 202.015 29.532C201.94 29.2613 201.861 29.0187 201.777 28.804C201.973 28.8133 202.159 28.818 202.337 28.818C202.523 28.818 202.649 28.818 202.715 28.818C202.799 28.818 202.85 28.804 202.869 28.776C202.897 28.748 202.911 28.7013 202.911 28.636V22.434ZM199.621 27.95C199.975 27.754 200.4 27.502 200.895 27.194C201.389 26.8767 201.893 26.55 202.407 26.214L202.925 27.488C202.505 27.796 202.075 28.1087 201.637 28.426C201.207 28.7433 200.792 29.0373 200.391 29.308L199.621 27.95ZM204.423 23.428C204.535 23.8387 204.684 24.268 204.871 24.716C205.067 25.164 205.3 25.6073 205.571 26.046C205.851 26.4847 206.177 26.886 206.551 27.25C206.933 27.6047 207.367 27.9033 207.853 28.146C207.741 28.2487 207.615 28.384 207.475 28.552C207.344 28.7107 207.213 28.874 207.083 29.042C206.952 29.2193 206.849 29.3827 206.775 29.532C206.317 29.2333 205.907 28.874 205.543 28.454C205.188 28.034 204.875 27.5813 204.605 27.096C204.334 26.6013 204.105 26.116 203.919 25.64C203.741 25.164 203.597 24.7207 203.485 24.31L204.423 23.428ZM195.449 20.6H199.593V22H195.449V20.6ZM194.777 23.022H199.901V24.436H194.777V23.022ZM194.917 25.234L195.995 24.954C196.107 25.346 196.209 25.7707 196.303 26.228C196.396 26.676 196.457 27.0633 196.485 27.39L195.351 27.698C195.341 27.3527 195.295 26.956 195.211 26.508C195.127 26.0507 195.029 25.626 194.917 25.234ZM194.623 28.426C195.071 28.3607 195.579 28.2813 196.149 28.188C196.718 28.0853 197.315 27.978 197.941 27.866C198.575 27.754 199.21 27.642 199.845 27.53L199.957 28.93C199.089 29.1073 198.211 29.2847 197.325 29.462C196.447 29.6487 195.654 29.812 194.945 29.952L194.623 28.426ZM198.795 24.856L199.999 25.136C199.887 25.5373 199.77 25.9433 199.649 26.354C199.537 26.7647 199.429 27.1147 199.327 27.404L198.305 27.138C198.37 26.9233 198.431 26.6807 198.487 26.41C198.552 26.1393 198.613 25.8687 198.669 25.598C198.725 25.318 198.767 25.0707 198.795 24.856ZM196.695 21.16H198.151V28.692L196.695 28.958V21.16ZM196.625 17.1H197.507V17.422H197.983V17.856C197.712 18.3787 197.353 18.9807 196.905 19.662C196.457 20.334 195.887 20.9827 195.197 21.608C195.131 21.496 195.038 21.37 194.917 21.23C194.795 21.09 194.669 20.9547 194.539 20.824C194.417 20.6933 194.301 20.5907 194.189 20.516C194.59 20.18 194.945 19.8207 195.253 19.438C195.561 19.046 195.831 18.6493 196.065 18.248C196.298 17.8467 196.485 17.464 196.625 17.1ZM196.849 17.1H198.011C198.281 17.3333 198.566 17.5947 198.865 17.884C199.163 18.1733 199.443 18.4627 199.705 18.752C199.975 19.032 200.195 19.2933 200.363 19.536L199.285 20.824C199.145 20.5813 198.953 20.306 198.711 19.998C198.468 19.6807 198.207 19.3727 197.927 19.074C197.656 18.766 197.39 18.5047 197.129 18.29H196.849V17.1ZM217.191 17.716C217.181 17.7907 217.167 17.912 217.149 18.08C217.139 18.2387 217.13 18.402 217.121 18.57C217.111 18.7287 217.102 18.8453 217.093 18.92C217.083 19.1067 217.079 19.3587 217.079 19.676C217.079 19.984 217.079 20.3293 217.079 20.712C217.079 21.0947 217.079 21.482 217.079 21.874C217.088 22.2567 217.093 22.6207 217.093 22.966C217.102 23.302 217.107 23.582 217.107 23.806L215.357 23.218C215.357 23.0407 215.357 22.8073 215.357 22.518C215.357 22.2193 215.357 21.8973 215.357 21.552C215.357 21.1973 215.352 20.8473 215.343 20.502C215.343 20.1567 215.338 19.844 215.329 19.564C215.319 19.284 215.31 19.074 215.301 18.934C215.282 18.6447 215.259 18.3927 215.231 18.178C215.203 17.954 215.179 17.8 215.161 17.716H217.191ZM209.281 19.452C209.691 19.452 210.158 19.4473 210.681 19.438C211.203 19.4287 211.749 19.4193 212.319 19.41C212.888 19.4007 213.448 19.3913 213.999 19.382C214.549 19.3727 215.067 19.368 215.553 19.368C216.038 19.3587 216.458 19.354 216.813 19.354C217.167 19.354 217.555 19.354 217.975 19.354C218.395 19.3447 218.81 19.34 219.221 19.34C219.631 19.34 220.005 19.34 220.341 19.34C220.686 19.34 220.952 19.34 221.139 19.34L221.125 20.992C220.686 20.9733 220.107 20.9593 219.389 20.95C218.67 20.9313 217.793 20.922 216.757 20.922C216.122 20.922 215.478 20.9313 214.825 20.95C214.171 20.9593 213.523 20.9733 212.879 20.992C212.235 21.0107 211.614 21.034 211.017 21.062C210.419 21.0807 209.855 21.1087 209.323 21.146L209.281 19.452ZM216.855 23.596C216.855 24.3613 216.761 24.996 216.575 25.5C216.397 26.004 216.127 26.3867 215.763 26.648C215.399 26.9 214.946 27.026 214.405 27.026C214.143 27.026 213.868 26.97 213.579 26.858C213.299 26.746 213.037 26.5827 212.795 26.368C212.552 26.1533 212.356 25.8873 212.207 25.57C212.067 25.2527 211.997 24.8793 211.997 24.45C211.997 23.918 212.123 23.4607 212.375 23.078C212.627 22.686 212.963 22.3827 213.383 22.168C213.812 21.944 214.283 21.832 214.797 21.832C215.413 21.832 215.926 21.972 216.337 22.252C216.757 22.5227 217.069 22.8913 217.275 23.358C217.489 23.8247 217.597 24.352 217.597 24.94C217.597 25.3973 217.522 25.8733 217.373 26.368C217.223 26.8627 216.976 27.348 216.631 27.824C216.295 28.2907 215.837 28.7153 215.259 29.098C214.689 29.4807 213.975 29.7933 213.117 30.036L211.619 28.552C212.216 28.4307 212.771 28.272 213.285 28.076C213.798 27.88 214.246 27.6327 214.629 27.334C215.021 27.0353 215.324 26.6667 215.539 26.228C215.763 25.7893 215.875 25.262 215.875 24.646C215.875 24.198 215.763 23.862 215.539 23.638C215.324 23.414 215.063 23.302 214.755 23.302C214.577 23.302 214.405 23.344 214.237 23.428C214.069 23.512 213.933 23.638 213.831 23.806C213.728 23.974 213.677 24.1793 213.677 24.422C213.677 24.7393 213.784 24.996 213.999 25.192C214.223 25.3787 214.475 25.472 214.755 25.472C214.979 25.472 215.175 25.402 215.343 25.262C215.52 25.122 215.637 24.8887 215.693 24.562C215.749 24.2353 215.702 23.7967 215.553 23.246L216.855 23.596ZM225.129 18.332C225.325 18.36 225.535 18.3787 225.759 18.388C225.983 18.3973 226.197 18.402 226.403 18.402C226.552 18.402 226.776 18.402 227.075 18.402C227.373 18.3927 227.709 18.3833 228.083 18.374C228.465 18.3647 228.843 18.3553 229.217 18.346C229.59 18.3367 229.926 18.3273 230.225 18.318C230.533 18.2993 230.771 18.2853 230.939 18.276C231.228 18.248 231.457 18.2247 231.625 18.206C231.793 18.178 231.919 18.15 232.003 18.122L232.913 19.368C232.754 19.4707 232.591 19.5733 232.423 19.676C232.255 19.7787 232.091 19.8907 231.933 20.012C231.746 20.1427 231.522 20.3153 231.261 20.53C230.999 20.7353 230.719 20.9547 230.421 21.188C230.131 21.4213 229.847 21.65 229.567 21.874C229.296 22.098 229.049 22.2987 228.825 22.476C229.058 22.42 229.282 22.3827 229.497 22.364C229.711 22.336 229.931 22.322 230.155 22.322C230.948 22.322 231.657 22.476 232.283 22.784C232.917 23.092 233.417 23.512 233.781 24.044C234.154 24.5667 234.341 25.1687 234.341 25.85C234.341 26.5873 234.154 27.2547 233.781 27.852C233.407 28.4493 232.843 28.9253 232.087 29.28C231.34 29.6347 230.402 29.812 229.273 29.812C228.629 29.812 228.045 29.7187 227.523 29.532C227.009 29.3453 226.603 29.0793 226.305 28.734C226.006 28.3887 225.857 27.9827 225.857 27.516C225.857 27.1333 225.959 26.7787 226.165 26.452C226.379 26.116 226.673 25.8453 227.047 25.64C227.429 25.4347 227.868 25.332 228.363 25.332C229.007 25.332 229.548 25.4627 229.987 25.724C230.435 25.976 230.775 26.3167 231.009 26.746C231.251 27.1753 231.377 27.6467 231.387 28.16L229.749 28.384C229.739 27.8707 229.609 27.46 229.357 27.152C229.114 26.8347 228.787 26.676 228.377 26.676C228.115 26.676 227.905 26.746 227.747 26.886C227.588 27.0167 227.509 27.1707 227.509 27.348C227.509 27.6093 227.639 27.8193 227.901 27.978C228.162 28.1367 228.503 28.216 228.923 28.216C229.716 28.216 230.379 28.1227 230.911 27.936C231.443 27.74 231.839 27.4647 232.101 27.11C232.371 26.746 232.507 26.3167 232.507 25.822C232.507 25.402 232.376 25.0333 232.115 24.716C231.863 24.3987 231.517 24.1513 231.079 23.974C230.64 23.7967 230.145 23.708 229.595 23.708C229.053 23.708 228.559 23.778 228.111 23.918C227.663 24.0487 227.238 24.24 226.837 24.492C226.445 24.7347 226.057 25.0333 225.675 25.388C225.301 25.7333 224.928 26.1207 224.555 26.55L223.281 25.234C223.533 25.0287 223.817 24.8 224.135 24.548C224.452 24.2867 224.774 24.016 225.101 23.736C225.437 23.456 225.749 23.1947 226.039 22.952C226.337 22.7 226.589 22.49 226.795 22.322C226.991 22.1633 227.219 21.9767 227.481 21.762C227.742 21.5473 228.013 21.328 228.293 21.104C228.573 20.8707 228.839 20.6513 229.091 20.446C229.343 20.2313 229.553 20.0493 229.721 19.9C229.581 19.9 229.399 19.9047 229.175 19.914C228.951 19.9233 228.703 19.9327 228.433 19.942C228.171 19.9513 227.905 19.9607 227.635 19.97C227.373 19.9793 227.126 19.9933 226.893 20.012C226.669 20.0213 226.482 20.0307 226.333 20.04C226.146 20.0493 225.95 20.0633 225.745 20.082C225.539 20.1007 225.353 20.124 225.185 20.152L225.129 18.332Z" fill="#1F1F1F"/>
</svg>
