<svg width="358" height="48" viewBox="0 0 358 48" fill="none" xmlns="http://www.w3.org/2000/svg">
<rect x="1" y="1" width="356" height="46" rx="23" fill="white"/>
<rect x="1" y="1" width="356" height="46" rx="23" stroke="url(#paint0_linear_2_8686)" stroke-width="2"/>
<g clip-path="url(#clip0_2_8686)">
<path d="M19.9995 32C19.4495 32 18.9787 31.8042 18.587 31.4125C18.1953 31.0208 17.9995 30.55 17.9995 30V18C17.9995 17.45 18.1953 16.9792 18.587 16.5875C18.9787 16.1958 19.4495 16 19.9995 16H35.9995C36.5495 16 37.0203 16.1958 37.412 16.5875C37.8037 16.9792 37.9995 17.45 37.9995 18V30C37.9995 30.55 37.8037 31.0208 37.412 31.4125C37.0203 31.8042 36.5495 32 35.9995 32H19.9995ZM35.9995 20L28.5245 24.675C28.4412 24.725 28.3537 24.7625 28.262 24.7875C28.1703 24.8125 28.0828 24.825 27.9995 24.825C27.9162 24.825 27.8287 24.8125 27.737 24.7875C27.6453 24.7625 27.5578 24.725 27.4745 24.675L19.9995 20V30H35.9995V20ZM27.9995 23L35.9995 18H19.9995L27.9995 23ZM19.9995 20.25V18.775V18.8V18.7875V20.25Z" fill="#148176"/>
</g>
<path d="M106.802 19.71C106.709 19.8687 106.606 20.0787 106.494 20.34C106.382 20.592 106.289 20.802 106.214 20.97C106.046 21.4367 105.836 21.9453 105.584 22.496C105.332 23.0373 105.047 23.5833 104.73 24.134C104.413 24.6847 104.063 25.212 103.68 25.716C103.251 26.2853 102.761 26.8593 102.21 27.438C101.669 28.0073 101.048 28.5673 100.348 29.118C99.648 29.6687 98.8453 30.196 97.94 30.7L96.372 29.286C97.6507 28.67 98.752 27.9747 99.676 27.2C100.6 26.416 101.426 25.5387 102.154 24.568C102.723 23.8493 103.176 23.1307 103.512 22.412C103.857 21.684 104.147 20.97 104.38 20.27C104.455 20.0833 104.52 19.8687 104.576 19.626C104.641 19.374 104.688 19.1593 104.716 18.982L106.802 19.71ZM99.102 21.068C99.4567 21.2827 99.83 21.5253 100.222 21.796C100.623 22.0573 101.025 22.328 101.426 22.608C101.837 22.888 102.224 23.1633 102.588 23.434C102.961 23.7047 103.297 23.952 103.596 24.176C104.343 24.764 105.071 25.3753 105.78 26.01C106.489 26.6447 107.129 27.2653 107.698 27.872L106.256 29.468C105.64 28.7587 105.015 28.1053 104.38 27.508C103.745 26.9013 103.059 26.29 102.322 25.674C102.07 25.4593 101.781 25.226 101.454 24.974C101.127 24.722 100.773 24.456 100.39 24.176C100.017 23.896 99.62 23.616 99.2 23.336C98.78 23.0467 98.3507 22.7667 97.912 22.496L99.102 21.068ZM110.288 23.518C110.456 23.5273 110.671 23.5413 110.932 23.56C111.193 23.5693 111.464 23.5787 111.744 23.588C112.033 23.5973 112.299 23.602 112.542 23.602C112.775 23.602 113.065 23.602 113.41 23.602C113.755 23.602 114.129 23.602 114.53 23.602C114.941 23.602 115.361 23.602 115.79 23.602C116.229 23.602 116.663 23.602 117.092 23.602C117.521 23.602 117.927 23.602 118.31 23.602C118.693 23.602 119.033 23.602 119.332 23.602C119.64 23.602 119.883 23.602 120.06 23.602C120.387 23.602 120.695 23.5927 120.984 23.574C121.273 23.546 121.511 23.5273 121.698 23.518V25.716C121.539 25.7067 121.301 25.6927 120.984 25.674C120.667 25.6553 120.359 25.646 120.06 25.646C119.883 25.646 119.64 25.646 119.332 25.646C119.024 25.646 118.679 25.646 118.296 25.646C117.913 25.646 117.507 25.646 117.078 25.646C116.658 25.646 116.229 25.646 115.79 25.646C115.351 25.646 114.927 25.646 114.516 25.646C114.115 25.646 113.741 25.646 113.396 25.646C113.06 25.646 112.775 25.646 112.542 25.646C112.141 25.646 111.73 25.6553 111.31 25.674C110.89 25.6833 110.549 25.6973 110.288 25.716V23.518ZM130.042 29.692C130.07 29.552 130.093 29.3933 130.112 29.216C130.14 29.0293 130.154 28.8427 130.154 28.656C130.154 28.5533 130.154 28.348 130.154 28.04C130.154 27.732 130.154 27.3587 130.154 26.92C130.154 26.4813 130.154 26.01 130.154 25.506C130.154 24.9927 130.154 24.4747 130.154 23.952C130.154 23.4293 130.154 22.9393 130.154 22.482C130.154 22.0153 130.154 21.6093 130.154 21.264C130.154 20.9093 130.154 20.6527 130.154 20.494C130.154 20.1767 130.135 19.9013 130.098 19.668C130.07 19.4347 130.051 19.3087 130.042 19.29H132.128C132.119 19.3087 132.1 19.4393 132.072 19.682C132.044 19.9153 132.03 20.1907 132.03 20.508C132.03 20.6667 132.03 20.9047 132.03 21.222C132.03 21.53 132.03 21.8893 132.03 22.3C132.03 22.7013 132.03 23.1307 132.03 23.588C132.03 24.0453 132.03 24.498 132.03 24.946C132.03 25.3847 132.03 25.8047 132.03 26.206C132.03 26.598 132.03 26.934 132.03 27.214C132.03 27.494 132.03 27.6993 132.03 27.83C132.413 27.662 132.809 27.4333 133.22 27.144C133.631 26.8547 134.032 26.5187 134.424 26.136C134.825 25.744 135.18 25.324 135.488 24.876L136.566 26.416C136.183 26.92 135.717 27.4147 135.166 27.9C134.625 28.3853 134.065 28.8287 133.486 29.23C132.907 29.6313 132.352 29.9673 131.82 30.238C131.671 30.322 131.549 30.3967 131.456 30.462C131.363 30.5367 131.283 30.602 131.218 30.658L130.042 29.692ZM123.56 29.482C124.176 29.0527 124.68 28.5347 125.072 27.928C125.464 27.3213 125.753 26.724 125.94 26.136C126.043 25.828 126.117 25.45 126.164 25.002C126.22 24.5447 126.262 24.0593 126.29 23.546C126.318 23.0233 126.332 22.51 126.332 22.006C126.341 21.4927 126.346 21.0213 126.346 20.592C126.346 20.312 126.332 20.074 126.304 19.878C126.285 19.6727 126.257 19.4813 126.22 19.304H128.278C128.269 19.3227 128.255 19.402 128.236 19.542C128.227 19.6727 128.213 19.8313 128.194 20.018C128.185 20.1953 128.18 20.382 128.18 20.578C128.18 20.9887 128.175 21.4693 128.166 22.02C128.157 22.5613 128.138 23.1167 128.11 23.686C128.082 24.2553 128.04 24.7967 127.984 25.31C127.928 25.814 127.853 26.2433 127.76 26.598C127.545 27.3913 127.223 28.1287 126.794 28.81C126.374 29.482 125.865 30.084 125.268 30.616L123.56 29.482ZM150.37 20.522C150.295 20.6153 150.202 20.7367 150.09 20.886C149.978 21.026 149.889 21.1473 149.824 21.25C149.609 21.614 149.325 22.034 148.97 22.51C148.615 22.9767 148.223 23.4433 147.794 23.91C147.365 24.3673 146.921 24.7593 146.464 25.086L145.008 23.924C145.288 23.756 145.563 23.56 145.834 23.336C146.105 23.112 146.352 22.8787 146.576 22.636C146.809 22.384 147.01 22.146 147.178 21.922C147.355 21.698 147.491 21.4973 147.584 21.32C147.463 21.32 147.257 21.32 146.968 21.32C146.679 21.32 146.333 21.32 145.932 21.32C145.531 21.32 145.097 21.32 144.63 21.32C144.173 21.32 143.715 21.32 143.258 21.32C142.801 21.32 142.367 21.32 141.956 21.32C141.555 21.32 141.205 21.32 140.906 21.32C140.617 21.32 140.411 21.32 140.29 21.32C140.001 21.32 139.725 21.3293 139.464 21.348C139.203 21.3667 138.909 21.39 138.582 21.418V19.472C138.853 19.5093 139.133 19.542 139.422 19.57C139.711 19.598 140.001 19.612 140.29 19.612C140.411 19.612 140.626 19.612 140.934 19.612C141.242 19.612 141.606 19.612 142.026 19.612C142.455 19.612 142.908 19.612 143.384 19.612C143.869 19.612 144.35 19.612 144.826 19.612C145.311 19.612 145.759 19.612 146.17 19.612C146.59 19.612 146.945 19.612 147.234 19.612C147.533 19.612 147.733 19.612 147.836 19.612C147.967 19.612 148.125 19.6073 148.312 19.598C148.499 19.5887 148.681 19.5747 148.858 19.556C149.045 19.5373 149.18 19.514 149.264 19.486L150.37 20.522ZM144.658 22.412C144.658 23.1027 144.644 23.77 144.616 24.414C144.588 25.058 144.509 25.6787 144.378 26.276C144.257 26.864 144.056 27.424 143.776 27.956C143.505 28.488 143.127 28.992 142.642 29.468C142.157 29.944 141.536 30.3827 140.78 30.784L139.142 29.454C139.366 29.3793 139.604 29.2813 139.856 29.16C140.108 29.0293 140.36 28.8707 140.612 28.684C141.06 28.376 141.419 28.0493 141.69 27.704C141.97 27.3587 142.185 26.9853 142.334 26.584C142.483 26.1733 142.586 25.73 142.642 25.254C142.698 24.7687 142.726 24.2413 142.726 23.672C142.726 23.4573 142.721 23.252 142.712 23.056C142.703 22.8507 142.675 22.636 142.628 22.412H144.658ZM160.548 19.584C160.679 19.7707 160.823 19.99 160.982 20.242C161.141 20.494 161.29 20.746 161.43 20.998C161.579 21.25 161.71 21.4833 161.822 21.698L160.604 22.244C160.473 21.9453 160.343 21.6793 160.212 21.446C160.091 21.2127 159.965 20.9887 159.834 20.774C159.703 20.55 159.549 20.3167 159.372 20.074L160.548 19.584ZM162.382 18.814C162.522 19.0007 162.671 19.2153 162.83 19.458C162.998 19.7007 163.157 19.948 163.306 20.2C163.465 20.4427 163.595 20.6713 163.698 20.886L162.522 21.46C162.373 21.1613 162.228 20.9 162.088 20.676C161.957 20.4427 161.822 20.2233 161.682 20.018C161.551 19.8033 161.397 19.584 161.22 19.36L162.382 18.814ZM154.962 28.866C154.962 28.6793 154.962 28.3853 154.962 27.984C154.962 27.5733 154.962 27.102 154.962 26.57C154.962 26.0287 154.962 25.4687 154.962 24.89C154.962 24.302 154.962 23.7373 154.962 23.196C154.962 22.6453 154.962 22.16 154.962 21.74C154.962 21.32 154.962 21.012 154.962 20.816C154.962 20.564 154.948 20.2793 154.92 19.962C154.901 19.6447 154.869 19.3647 154.822 19.122H157.006C156.978 19.3647 156.95 19.6353 156.922 19.934C156.894 20.2327 156.88 20.5267 156.88 20.816C156.88 21.068 156.88 21.418 156.88 21.866C156.88 22.314 156.88 22.8133 156.88 23.364C156.88 23.9053 156.88 24.4607 156.88 25.03C156.88 25.5993 156.88 26.1453 156.88 26.668C156.88 27.1813 156.88 27.634 156.88 28.026C156.88 28.4087 156.88 28.6887 156.88 28.866C156.88 28.9873 156.885 29.1693 156.894 29.412C156.913 29.6453 156.931 29.888 156.95 30.14C156.978 30.392 157.001 30.616 157.02 30.812H154.822C154.869 30.5413 154.901 30.2193 154.92 29.846C154.948 29.4633 154.962 29.1367 154.962 28.866ZM156.474 22.748C156.941 22.8693 157.459 23.028 158.028 23.224C158.607 23.4107 159.19 23.616 159.778 23.84C160.366 24.0547 160.921 24.2693 161.444 24.484C161.967 24.6893 162.396 24.876 162.732 25.044L161.948 26.99C161.547 26.7753 161.108 26.5653 160.632 26.36C160.156 26.1547 159.671 25.954 159.176 25.758C158.691 25.5527 158.215 25.366 157.748 25.198C157.281 25.03 156.857 24.8853 156.474 24.764V22.748ZM167.73 29.44C167.814 29.2627 167.865 29.1087 167.884 28.978C167.903 28.8473 167.912 28.698 167.912 28.53C167.912 28.3527 167.912 28.082 167.912 27.718C167.912 27.354 167.912 26.934 167.912 26.458C167.912 25.9727 167.912 25.464 167.912 24.932C167.912 24.4 167.912 23.8773 167.912 23.364C167.912 22.8507 167.912 22.384 167.912 21.964C167.912 21.544 167.912 21.2033 167.912 20.942C167.912 20.7647 167.903 20.578 167.884 20.382C167.875 20.186 167.856 19.9993 167.828 19.822C167.809 19.6353 167.786 19.4767 167.758 19.346H169.956C169.919 19.6167 169.886 19.8827 169.858 20.144C169.83 20.4053 169.816 20.6713 169.816 20.942C169.816 21.166 169.816 21.446 169.816 21.782C169.816 22.1087 169.816 22.4727 169.816 22.874C169.816 23.2753 169.816 23.6907 169.816 24.12C169.816 24.5493 169.816 24.974 169.816 25.394C169.816 25.814 169.816 26.2107 169.816 26.584C169.816 26.9573 169.816 27.284 169.816 27.564C169.816 27.844 169.816 28.0633 169.816 28.222C170.385 28.054 170.992 27.8253 171.636 27.536C172.289 27.2373 172.943 26.8873 173.596 26.486C174.259 26.0753 174.879 25.6273 175.458 25.142C176.046 24.6567 176.564 24.1387 177.012 23.588L178.006 25.17C177.054 26.318 175.873 27.312 174.464 28.152C173.064 28.9827 171.538 29.6687 169.886 30.21C169.793 30.2473 169.671 30.294 169.522 30.35C169.373 30.406 169.219 30.4853 169.06 30.588L167.73 29.44ZM190.676 20.508C190.62 20.592 190.536 20.7227 190.424 20.9C190.321 21.0773 190.242 21.2407 190.186 21.39C189.99 21.8287 189.747 22.3187 189.458 22.86C189.178 23.4013 188.856 23.9473 188.492 24.498C188.137 25.0393 187.759 25.548 187.358 26.024C186.835 26.612 186.257 27.1953 185.622 27.774C184.997 28.3433 184.334 28.8707 183.634 29.356C182.943 29.832 182.234 30.2427 181.506 30.588L180.064 29.076C180.82 28.7867 181.553 28.4227 182.262 27.984C182.971 27.5453 183.629 27.0693 184.236 26.556C184.843 26.0427 185.365 25.5433 185.804 25.058C186.112 24.7033 186.401 24.3253 186.672 23.924C186.952 23.5227 187.199 23.126 187.414 22.734C187.629 22.3327 187.787 21.964 187.89 21.628C187.797 21.628 187.629 21.628 187.386 21.628C187.143 21.628 186.859 21.628 186.532 21.628C186.215 21.628 185.879 21.628 185.524 21.628C185.169 21.628 184.829 21.628 184.502 21.628C184.185 21.628 183.905 21.628 183.662 21.628C183.419 21.628 183.247 21.628 183.144 21.628C182.948 21.628 182.743 21.6373 182.528 21.656C182.313 21.6653 182.108 21.6793 181.912 21.698C181.725 21.7073 181.581 21.7167 181.478 21.726V19.738C181.618 19.7473 181.791 19.7613 181.996 19.78C182.201 19.7987 182.407 19.8127 182.612 19.822C182.827 19.8313 183.004 19.836 183.144 19.836C183.265 19.836 183.457 19.836 183.718 19.836C183.979 19.836 184.278 19.836 184.614 19.836C184.95 19.836 185.295 19.836 185.65 19.836C186.014 19.836 186.359 19.836 186.686 19.836C187.022 19.836 187.311 19.836 187.554 19.836C187.797 19.836 187.974 19.836 188.086 19.836C188.394 19.836 188.674 19.8173 188.926 19.78C189.187 19.7427 189.388 19.7007 189.528 19.654L190.676 20.508ZM187.54 24.862C187.904 25.1513 188.291 25.4873 188.702 25.87C189.113 26.2527 189.519 26.6493 189.92 27.06C190.321 27.4707 190.69 27.8673 191.026 28.25C191.371 28.6233 191.661 28.95 191.894 29.23L190.298 30.616C189.953 30.14 189.556 29.6453 189.108 29.132C188.669 28.6187 188.203 28.11 187.708 27.606C187.223 27.0927 186.728 26.6073 186.224 26.15L187.54 24.862ZM193.966 20.396C194.246 20.3867 194.512 20.3773 194.764 20.368C195.016 20.3493 195.207 20.3353 195.338 20.326C195.627 20.3073 195.982 20.2793 196.402 20.242C196.831 20.1953 197.307 20.1487 197.83 20.102C198.362 20.0553 198.927 20.0087 199.524 19.962C200.121 19.9153 200.742 19.864 201.386 19.808C201.871 19.7613 202.352 19.724 202.828 19.696C203.313 19.6587 203.771 19.6307 204.2 19.612C204.639 19.584 205.021 19.5653 205.348 19.556L205.362 21.348C205.11 21.348 204.821 21.3527 204.494 21.362C204.167 21.3713 203.841 21.39 203.514 21.418C203.197 21.4367 202.912 21.4787 202.66 21.544C202.24 21.656 201.848 21.8473 201.484 22.118C201.12 22.3793 200.803 22.692 200.532 23.056C200.271 23.4107 200.065 23.798 199.916 24.218C199.767 24.6287 199.692 25.044 199.692 25.464C199.692 25.9213 199.771 26.3273 199.93 26.682C200.098 27.0273 200.322 27.326 200.602 27.578C200.891 27.8207 201.227 28.026 201.61 28.194C201.993 28.3527 202.403 28.474 202.842 28.558C203.29 28.642 203.752 28.698 204.228 28.726L203.57 30.644C202.982 30.6067 202.408 30.5133 201.848 30.364C201.297 30.2147 200.779 30.0093 200.294 29.748C199.809 29.4867 199.384 29.1693 199.02 28.796C198.665 28.4133 198.381 27.9793 198.166 27.494C197.961 26.9993 197.858 26.4487 197.858 25.842C197.858 25.17 197.965 24.554 198.18 23.994C198.395 23.4247 198.661 22.93 198.978 22.51C199.305 22.0807 199.627 21.7493 199.944 21.516C199.683 21.5533 199.365 21.5907 198.992 21.628C198.628 21.6653 198.231 21.712 197.802 21.768C197.382 21.8147 196.953 21.866 196.514 21.922C196.075 21.978 195.651 22.0433 195.24 22.118C194.839 22.1833 194.475 22.2487 194.148 22.314L193.966 20.396ZM203.36 22.72C203.481 22.888 203.607 23.0887 203.738 23.322C203.878 23.546 204.013 23.7747 204.144 24.008C204.275 24.232 204.387 24.4373 204.48 24.624L203.416 25.1C203.239 24.708 203.066 24.3627 202.898 24.064C202.739 23.7653 202.548 23.462 202.324 23.154L203.36 22.72ZM204.928 22.076C205.049 22.244 205.18 22.44 205.32 22.664C205.469 22.8787 205.614 23.1027 205.754 23.336C205.894 23.56 206.011 23.7607 206.104 23.938L205.054 24.442C204.867 24.0687 204.685 23.7373 204.508 23.448C204.34 23.1587 204.139 22.86 203.906 22.552L204.928 22.076ZM211.424 21.852H216.604V23.252H211.424V21.852ZM207.98 29.594H220.076V30.98H207.98V29.594ZM208.792 18.618H212.712V19.976H208.792V18.618ZM212.18 18.618H212.474L212.754 18.548L213.86 19.108C213.599 19.7893 213.272 20.4287 212.88 21.026C212.488 21.614 212.045 22.1553 211.55 22.65C211.055 23.1447 210.528 23.588 209.968 23.98C209.408 24.3627 208.834 24.6987 208.246 24.988C208.143 24.8107 207.989 24.6007 207.784 24.358C207.588 24.106 207.406 23.91 207.238 23.77C207.761 23.546 208.274 23.266 208.778 22.93C209.291 22.594 209.767 22.2113 210.206 21.782C210.654 21.3527 211.046 20.8953 211.382 20.41C211.727 19.9247 211.993 19.4253 212.18 18.912V18.618ZM215.386 18.156C215.703 18.912 216.123 19.6307 216.646 20.312C217.178 20.9933 217.789 21.6 218.48 22.132C219.18 22.664 219.931 23.084 220.734 23.392C220.613 23.504 220.477 23.644 220.328 23.812C220.188 23.9707 220.053 24.1387 219.922 24.316C219.801 24.484 219.698 24.6427 219.614 24.792C218.755 24.4 217.967 23.896 217.248 23.28C216.539 22.664 215.909 21.9593 215.358 21.166C214.807 20.3727 214.336 19.5187 213.944 18.604L215.386 18.156ZM208.12 21.138L209.03 20.214C209.235 20.3353 209.45 20.4707 209.674 20.62C209.898 20.7693 210.108 20.9233 210.304 21.082C210.509 21.2407 210.673 21.39 210.794 21.53L209.842 22.552C209.665 22.3467 209.408 22.1087 209.072 21.838C208.745 21.5673 208.428 21.334 208.12 21.138ZM217.528 18.24L218.802 19.136C218.41 19.4627 217.999 19.7847 217.57 20.102C217.15 20.4193 216.763 20.69 216.408 20.914L215.414 20.13C215.638 19.9713 215.881 19.7847 216.142 19.57C216.403 19.346 216.655 19.1173 216.898 18.884C217.15 18.6507 217.36 18.436 217.528 18.24ZM219.11 19.864L220.342 20.732C219.95 21.0773 219.525 21.4227 219.068 21.768C218.62 22.1133 218.209 22.398 217.836 22.622L216.828 21.838C217.08 21.67 217.341 21.474 217.612 21.25C217.892 21.026 218.163 20.7927 218.424 20.55C218.695 20.3073 218.923 20.0787 219.11 19.864ZM211.564 25.38V26.626H216.352V25.38H211.564ZM209.926 24.05H218.088V27.956H209.926V24.05ZM210.738 28.138L212.278 27.746C212.455 27.998 212.614 28.2827 212.754 28.6C212.903 28.9173 213.011 29.1973 213.076 29.44L211.452 29.902C211.405 29.6593 211.312 29.37 211.172 29.034C211.041 28.698 210.897 28.3993 210.738 28.138ZM215.722 27.718L217.36 28.068C217.183 28.4133 217.015 28.74 216.856 29.048C216.697 29.356 216.543 29.622 216.394 29.846L214.924 29.51C215.027 29.342 215.125 29.1553 215.218 28.95C215.321 28.7353 215.414 28.5207 215.498 28.306C215.591 28.0913 215.666 27.8953 215.722 27.718ZM233.278 24.4L234.58 25.212C234.3 25.5293 234.011 25.8467 233.712 26.164C233.413 26.472 233.138 26.7427 232.886 26.976L231.836 26.262C231.995 26.1033 232.163 25.9167 232.34 25.702C232.517 25.4873 232.69 25.268 232.858 25.044C233.026 24.8107 233.166 24.596 233.278 24.4ZM227.048 25.31L228.14 24.61C228.42 24.862 228.7 25.156 228.98 25.492C229.26 25.8187 229.465 26.1127 229.596 26.374L228.42 27.158C228.308 26.8967 228.117 26.5933 227.846 26.248C227.585 25.8933 227.319 25.5807 227.048 25.31ZM227.65 18.576H233.432V23.504H231.878V19.948H227.65V18.576ZM227.958 20.704H232.746V21.978H227.958V20.704ZM226.978 22.706H234.468V24.12H226.978V22.706ZM229.862 23.434H231.416V29.664C231.416 30.0187 231.379 30.2987 231.304 30.504C231.239 30.7187 231.099 30.882 230.884 30.994C230.669 31.1153 230.417 31.19 230.128 31.218C229.839 31.246 229.503 31.26 229.12 31.26C229.101 31.0453 229.05 30.8027 228.966 30.532C228.891 30.2613 228.812 30.0187 228.728 29.804C228.924 29.8133 229.111 29.818 229.288 29.818C229.475 29.818 229.601 29.818 229.666 29.818C229.75 29.818 229.801 29.804 229.82 29.776C229.848 29.748 229.862 29.7013 229.862 29.636V23.434ZM226.572 28.95C226.927 28.754 227.351 28.502 227.846 28.194C228.341 27.8767 228.845 27.55 229.358 27.214L229.876 28.488C229.456 28.796 229.027 29.1087 228.588 29.426C228.159 29.7433 227.743 30.0373 227.342 30.308L226.572 28.95ZM231.374 24.428C231.486 24.8387 231.635 25.268 231.822 25.716C232.018 26.164 232.251 26.6073 232.522 27.046C232.802 27.4847 233.129 27.886 233.502 28.25C233.885 28.6047 234.319 28.9033 234.804 29.146C234.692 29.2487 234.566 29.384 234.426 29.552C234.295 29.7107 234.165 29.874 234.034 30.042C233.903 30.2193 233.801 30.3827 233.726 30.532C233.269 30.2333 232.858 29.874 232.494 29.454C232.139 29.034 231.827 28.5813 231.556 28.096C231.285 27.6013 231.057 27.116 230.87 26.64C230.693 26.164 230.548 25.7207 230.436 25.31L231.374 24.428ZM222.4 21.6H226.544V23H222.4V21.6ZM221.728 24.022H226.852V25.436H221.728V24.022ZM221.868 26.234L222.946 25.954C223.058 26.346 223.161 26.7707 223.254 27.228C223.347 27.676 223.408 28.0633 223.436 28.39L222.302 28.698C222.293 28.3527 222.246 27.956 222.162 27.508C222.078 27.0507 221.98 26.626 221.868 26.234ZM221.574 29.426C222.022 29.3607 222.531 29.2813 223.1 29.188C223.669 29.0853 224.267 28.978 224.892 28.866C225.527 28.754 226.161 28.642 226.796 28.53L226.908 29.93C226.04 30.1073 225.163 30.2847 224.276 30.462C223.399 30.6487 222.605 30.812 221.896 30.952L221.574 29.426ZM225.746 25.856L226.95 26.136C226.838 26.5373 226.721 26.9433 226.6 27.354C226.488 27.7647 226.381 28.1147 226.278 28.404L225.256 28.138C225.321 27.9233 225.382 27.6807 225.438 27.41C225.503 27.1393 225.564 26.8687 225.62 26.598C225.676 26.318 225.718 26.0707 225.746 25.856ZM223.646 22.16H225.102V29.692L223.646 29.958V22.16ZM223.576 18.1H224.458V18.422H224.934V18.856C224.663 19.3787 224.304 19.9807 223.856 20.662C223.408 21.334 222.839 21.9827 222.148 22.608C222.083 22.496 221.989 22.37 221.868 22.23C221.747 22.09 221.621 21.9547 221.49 21.824C221.369 21.6933 221.252 21.5907 221.14 21.516C221.541 21.18 221.896 20.8207 222.204 20.438C222.512 20.046 222.783 19.6493 223.016 19.248C223.249 18.8467 223.436 18.464 223.576 18.1ZM223.8 18.1H224.962C225.233 18.3333 225.517 18.5947 225.816 18.884C226.115 19.1733 226.395 19.4627 226.656 19.752C226.927 20.032 227.146 20.2933 227.314 20.536L226.236 21.824C226.096 21.5813 225.905 21.306 225.662 20.998C225.419 20.6807 225.158 20.3727 224.878 20.074C224.607 19.766 224.341 19.5047 224.08 19.29H223.8V18.1ZM244.142 18.716C244.133 18.7907 244.119 18.912 244.1 19.08C244.091 19.2387 244.081 19.402 244.072 19.57C244.063 19.7287 244.053 19.8453 244.044 19.92C244.035 20.1067 244.03 20.3587 244.03 20.676C244.03 20.984 244.03 21.3293 244.03 21.712C244.03 22.0947 244.03 22.482 244.03 22.874C244.039 23.2567 244.044 23.6207 244.044 23.966C244.053 24.302 244.058 24.582 244.058 24.806L242.308 24.218C242.308 24.0407 242.308 23.8073 242.308 23.518C242.308 23.2193 242.308 22.8973 242.308 22.552C242.308 22.1973 242.303 21.8473 242.294 21.502C242.294 21.1567 242.289 20.844 242.28 20.564C242.271 20.284 242.261 20.074 242.252 19.934C242.233 19.6447 242.21 19.3927 242.182 19.178C242.154 18.954 242.131 18.8 242.112 18.716H244.142ZM236.232 20.452C236.643 20.452 237.109 20.4473 237.632 20.438C238.155 20.4287 238.701 20.4193 239.27 20.41C239.839 20.4007 240.399 20.3913 240.95 20.382C241.501 20.3727 242.019 20.368 242.504 20.368C242.989 20.3587 243.409 20.354 243.764 20.354C244.119 20.354 244.506 20.354 244.926 20.354C245.346 20.3447 245.761 20.34 246.172 20.34C246.583 20.34 246.956 20.34 247.292 20.34C247.637 20.34 247.903 20.34 248.09 20.34L248.076 21.992C247.637 21.9733 247.059 21.9593 246.34 21.95C245.621 21.9313 244.744 21.922 243.708 21.922C243.073 21.922 242.429 21.9313 241.776 21.95C241.123 21.9593 240.474 21.9733 239.83 21.992C239.186 22.0107 238.565 22.034 237.968 22.062C237.371 22.0807 236.806 22.1087 236.274 22.146L236.232 20.452ZM243.806 24.596C243.806 25.3613 243.713 25.996 243.526 26.5C243.349 27.004 243.078 27.3867 242.714 27.648C242.35 27.9 241.897 28.026 241.356 28.026C241.095 28.026 240.819 27.97 240.53 27.858C240.25 27.746 239.989 27.5827 239.746 27.368C239.503 27.1533 239.307 26.8873 239.158 26.57C239.018 26.2527 238.948 25.8793 238.948 25.45C238.948 24.918 239.074 24.4607 239.326 24.078C239.578 23.686 239.914 23.3827 240.334 23.168C240.763 22.944 241.235 22.832 241.748 22.832C242.364 22.832 242.877 22.972 243.288 23.252C243.708 23.5227 244.021 23.8913 244.226 24.358C244.441 24.8247 244.548 25.352 244.548 25.94C244.548 26.3973 244.473 26.8733 244.324 27.368C244.175 27.8627 243.927 28.348 243.582 28.824C243.246 29.2907 242.789 29.7153 242.21 30.098C241.641 30.4807 240.927 30.7933 240.068 31.036L238.57 29.552C239.167 29.4307 239.723 29.272 240.236 29.076C240.749 28.88 241.197 28.6327 241.58 28.334C241.972 28.0353 242.275 27.6667 242.49 27.228C242.714 26.7893 242.826 26.262 242.826 25.646C242.826 25.198 242.714 24.862 242.49 24.638C242.275 24.414 242.014 24.302 241.706 24.302C241.529 24.302 241.356 24.344 241.188 24.428C241.02 24.512 240.885 24.638 240.782 24.806C240.679 24.974 240.628 25.1793 240.628 25.422C240.628 25.7393 240.735 25.996 240.95 26.192C241.174 26.3787 241.426 26.472 241.706 26.472C241.93 26.472 242.126 26.402 242.294 26.262C242.471 26.122 242.588 25.8887 242.644 25.562C242.7 25.2353 242.653 24.7967 242.504 24.246L243.806 24.596ZM252.08 19.332C252.276 19.36 252.486 19.3787 252.71 19.388C252.934 19.3973 253.149 19.402 253.354 19.402C253.503 19.402 253.727 19.402 254.026 19.402C254.325 19.3927 254.661 19.3833 255.034 19.374C255.417 19.3647 255.795 19.3553 256.168 19.346C256.541 19.3367 256.877 19.3273 257.176 19.318C257.484 19.2993 257.722 19.2853 257.89 19.276C258.179 19.248 258.408 19.2247 258.576 19.206C258.744 19.178 258.87 19.15 258.954 19.122L259.864 20.368C259.705 20.4707 259.542 20.5733 259.374 20.676C259.206 20.7787 259.043 20.8907 258.884 21.012C258.697 21.1427 258.473 21.3153 258.212 21.53C257.951 21.7353 257.671 21.9547 257.372 22.188C257.083 22.4213 256.798 22.65 256.518 22.874C256.247 23.098 256 23.2987 255.776 23.476C256.009 23.42 256.233 23.3827 256.448 23.364C256.663 23.336 256.882 23.322 257.106 23.322C257.899 23.322 258.609 23.476 259.234 23.784C259.869 24.092 260.368 24.512 260.732 25.044C261.105 25.5667 261.292 26.1687 261.292 26.85C261.292 27.5873 261.105 28.2547 260.732 28.852C260.359 29.4493 259.794 29.9253 259.038 30.28C258.291 30.6347 257.353 30.812 256.224 30.812C255.58 30.812 254.997 30.7187 254.474 30.532C253.961 30.3453 253.555 30.0793 253.256 29.734C252.957 29.3887 252.808 28.9827 252.808 28.516C252.808 28.1333 252.911 27.7787 253.116 27.452C253.331 27.116 253.625 26.8453 253.998 26.64C254.381 26.4347 254.819 26.332 255.314 26.332C255.958 26.332 256.499 26.4627 256.938 26.724C257.386 26.976 257.727 27.3167 257.96 27.746C258.203 28.1753 258.329 28.6467 258.338 29.16L256.7 29.384C256.691 28.8707 256.56 28.46 256.308 28.152C256.065 27.8347 255.739 27.676 255.328 27.676C255.067 27.676 254.857 27.746 254.698 27.886C254.539 28.0167 254.46 28.1707 254.46 28.348C254.46 28.6093 254.591 28.8193 254.852 28.978C255.113 29.1367 255.454 29.216 255.874 29.216C256.667 29.216 257.33 29.1227 257.862 28.936C258.394 28.74 258.791 28.4647 259.052 28.11C259.323 27.746 259.458 27.3167 259.458 26.822C259.458 26.402 259.327 26.0333 259.066 25.716C258.814 25.3987 258.469 25.1513 258.03 24.974C257.591 24.7967 257.097 24.708 256.546 24.708C256.005 24.708 255.51 24.778 255.062 24.918C254.614 25.0487 254.189 25.24 253.788 25.492C253.396 25.7347 253.009 26.0333 252.626 26.388C252.253 26.7333 251.879 27.1207 251.506 27.55L250.232 26.234C250.484 26.0287 250.769 25.8 251.086 25.548C251.403 25.2867 251.725 25.016 252.052 24.736C252.388 24.456 252.701 24.1947 252.99 23.952C253.289 23.7 253.541 23.49 253.746 23.322C253.942 23.1633 254.171 22.9767 254.432 22.762C254.693 22.5473 254.964 22.328 255.244 22.104C255.524 21.8707 255.79 21.6513 256.042 21.446C256.294 21.2313 256.504 21.0493 256.672 20.9C256.532 20.9 256.35 20.9047 256.126 20.914C255.902 20.9233 255.655 20.9327 255.384 20.942C255.123 20.9513 254.857 20.9607 254.586 20.97C254.325 20.9793 254.077 20.9933 253.844 21.012C253.62 21.0213 253.433 21.0307 253.284 21.04C253.097 21.0493 252.901 21.0633 252.696 21.082C252.491 21.1007 252.304 21.124 252.136 21.152L252.08 19.332Z" fill="#148176"/>
<defs>
<linearGradient id="paint0_linear_2_8686" x1="-3.55067e-08" y1="24.192" x2="357.773" y2="33.2134" gradientUnits="userSpaceOnUse">
<stop stop-color="#2B988D"/>
<stop offset="1" stop-color="#A4E0D9"/>
</linearGradient>
<clipPath id="clip0_2_8686">
<rect width="24" height="24" fill="white" transform="translate(16 12)"/>
</clipPath>
</defs>
</svg>
